#Glyph name	TT hints
A	1,14,4;2,17,0;2,12,0;14,5,12,14,-1;14,11,12,14,0;4,11,9,0,-1
B	1,0,4;2,19,0;14,35,0,19,0;4,35,28,0,-1;14,9,28,35,-1;4,0,26,0,-1;4,19,29,0,-1
C	1,5,4;2,29,0;4,5,12,0,-1;4,29,22,0,-1
D	1,0,4;2,10,0;4,10,11,0,-1;4,0,19,0,-1
E	1,0,4;2,11,0;4,0,2,0,-1;14,6,11,0,0;4,6,4,0,-1;4,11,9,0,-1
F	1,0,4;2,9,0;4,0,2,0,-1;14,6,0,9,0;4,6,4,0,-1
G	1,5,4;2,33,0;4,5,12,0,-1;4,33,22,0,-1;14,26,5,33,0;4,26,28,0,-1
H	1,0,4;2,11,0;14,8,0,11,0;4,8,2,0,-1;4,0,4,-1,-1;4,11,7,-1,-1
I	1,0,4;2,2,0
J	1,16,4;2,5,0;4,5,12,0,-1
K	1,0,4;2,12,0;14,2,0,12,-1;4,0,4,-1,-1;4,12,8,-1,-1;14,9,4,8,-1
L	1,0,4;2,4,0;4,4,2,0,-1
M	1,0,4;2,25,0;4,0,6,-1,-1;4,25,9,-1,-1;14,3,6,9,-1;14,13,9,6,-1;14,17,25,0,-1;14,20,0,25,-1
N	1,0,4;2,19,0;4,19,11,-1,-1;4,0,8,-1,-1;14,4,11,8,-1;14,14,0,19,-1
O	1,10,4;2,0,0;4,10,20,0,-1;4,0,30,0,-1
P	1,0,4;2,13,0;14,11,0,13,0;4,0,21,0,-1;4,11,23,0,-1
Q	1,31,4;2,23,0;6,44,20,0;4,23,5,0,-1;4,31,13,0,-1;4,23,41,-1,-1
R	1,26,4;2,24,0;2,21,0;6,22,0,0;4,26,7,0,-1;14,19,22,0,-1
S	1,20,4;2,44,0;4,44,3,0,-1;14,11,44,20,-1;4,20,27,0,-1;14,35,20,44,-1
T	1,2,4;2,7,0;4,2,0,0,-1;4,0,4,-1,-1
U	1,0,4;2,20,0;4,20,7,0,-1;4,0,13,-1,-1
V	1,0,4;2,13,0;14,5,0,13,-1;4,0,10,-1,-1
W	1,0,4;2,33,0;14,5,0,33,-1;4,0,10,-1,-1;4,10,20,-1,-1;4,33,23,-1,-1;14,16,20,23,-1;14,27,33,10,-1
X	1,1,4;2,25,0;4,25,15,-1,-1;4,1,11,-1,-1;14,7,15,11,-1;14,20,1,25,-1
Y	1,1,4;2,15,0;14,6,1,15,-1;4,1,11,-1,-1
Z	1,3,4;2,8,0;4,8,6,0,-1;4,6,0,-1,0;4,3,1,0,-1;4,1,5,-1,0
a	1,5,0;1,10,0;2,18,0;2,13,0;4,18,21,0,-1;4,5,28,0,-1
b	1,1,5;1,8,0;2,0,0;2,16,0;4,8,22,0,-1;4,16,29,0,-1
c	1,5,0;2,27,0;4,5,12,0,-1;4,27,20,0,-1
d	1,17,0;1,1,5;2,9,0;2,4,0;4,9,22,0,-1;4,17,29,0,-1
e	1,5,0;2,26,0;14,13,5,26,0;4,26,19,0,-1;4,5,37,0,-1;4,13,42,0,-1
f	1,16,0;1,5,5;2,21,0;4,16,0,-1,-1;4,5,12,0,-1;4,16,19,0,-1;4,19,23,-1,-1
g	1,27,0;1,32,0;2,4,1;6,19,33,0;4,4,11,0,-1;4,27,40,0,-1
h	1,7,0;1,0,5;2,26,0;4,26,15,-1,-1;4,7,22,0,-1
i	1,0,0;2,2,0;6,4,10,-2
j	1,14,0;2,3,1;6,16,22,-2;4,3,10,0,-1
k	1,0,5;1,4,0;2,12,0;14,2,0,12,-1;4,12,8,-1,-1;14,9,4,8,-1
l	1,0,5;2,14,0;4,14,7,0,-1
m	1,6,0;1,0,0;2,44,0;4,6,14,-1,-1;4,44,33,-1,-1;4,33,22,-1,-1;4,6,39,0,-1;4,39,28,-1,-1
n	1,6,0;1,0,0;2,26,0;4,26,14,-1,-1;4,6,21,0,-1
o	1,8,0;2,0,0;4,8,16,0,-1;4,0,24,0,-1
p	1,3,0;2,17,0;2,2,1;4,3,9,-1,0;4,9,22,0,-1;4,17,29,0,-1
q	1,12,0;2,20,1;2,4,0;4,12,17,-1,0;4,4,22,0,-1;4,12,29,0,-1
r	1,0,0;2,16,0;4,0,6,-1,0;4,6,11,-2,-1
s	1,21,0;2,46,0;4,46,3,0,-1;14,13,46,21,-1;4,21,28,0,-1;14,36,21,46,-1
t	1,6,0;2,22,0;4,6,9,0,-1;4,9,0,-1,-1;4,6,3,-1,-1;4,22,15,0,-1
u	1,13,0;1,25,0;2,6,0;2,1,0;4,6,21,0,-1
v	1,0,0;1,10,0;2,13,0;14,6,0,13,-1
w	1,0,0;2,33,0;14,5,0,33,-1;4,0,10,-1,-1;4,33,23,-1,-1;4,10,20,-1,-1;14,15,23,20,-1;14,28,33,10,-1
x	1,1,0;2,25,0;4,25,15,-1,-1;4,1,11,-1,-1;14,7,15,11,-1;14,20,1,25,-1
y	1,7,0;2,24,1;4,24,2,0,-1;14,12,24,7,-1;4,7,17,-1,-1
z	1,3,0;2,8,0;4,8,6,0,-1;4,6,0,-1,0;4,3,1,0,-1;4,1,5,-1,0
ampersand	1,53,4;2,38,0;2,33,0;6,35,64,-2;4,38,3,0,-1;14,6,35,64,-1;14,9,38,53,0;4,9,14,-2,-1;4,53,22,0,-1;14,30,35,64,-1;14,46,9,14,-1;14,61,9,14,-1
zero	1,10,3;2,0,0;4,10,20,0,-1;4,0,30,0,-1
one	1,6,3;2,11,0;4,11,1,0,-1;4,6,2,-2,-1;4,6,4,-2,-1;4,1,8,-1,-1
two	1,15,3;2,27,0;4,27,25,0,-1;4,25,0,-1,-1;4,15,8,0,-1
three	1,28,3;2,43,0;4,43,3,0,-1;14,13,28,43,0;4,13,14,0,-1;4,28,22,0,-1;14,34,13,14,-1
four	1,5,3;2,0,0;6,1,11,0;4,11,20,-1,-1;4,20,3,-1,-1;4,11,6,-1,-1;4,1,9,-1,-1;4,5,15,-2,-1
five	1,18,3;2,35,0;4,35,5,0,-1;14,25,18,35,0;4,25,13,0,-1;4,18,20,0,-1
six	1,48,3;2,38,0;6,0,30,0;4,38,11,0,-1;4,48,22,0,-1
seven	1,7,3;2,0,0;4,7,5,0,-1;4,5,9,-1,-1
eight	1,48,3;2,67,0;14,0,48,67,0;4,67,8,0,-1;4,0,39,-2,-1;4,39,18,-1,-1;4,48,26,0,-1;4,18,57,-2,-1
nine	1,38,3;2,48,0;6,30,0,0;4,38,11,0,-1;4,48,22,0,-1
zero.pnum	1,10,3;2,0,0;4,10,20,0,-1;4,0,28,0,-1
one.pnum	1,5,3;2,0,0;4,5,1,-2,-1;4,5,3,-2,-1
two.pnum	1,15,3;2,27,0;4,27,25,0,-1;4,25,0,-1,-1;4,15,8,0,-1
seven.pnum	1,7,3;2,0,0;2,14,0;4,7,5,0,-1;4,5,9,-1,-1
zero.tnum	1,8,2;2,0,0;4,8,18,0,-1;4,0,26,0,-1
one.tnum	1,6,2;2,11,0;4,11,1,0,-1;4,6,2,-2,-1;4,6,4,-2,-1;4,1,8,-1,-1
two.tnum	1,15,2;2,27,0;4,27,25,0,-1;4,25,0,-1,-1;4,15,8,0,-1
three.tnum	1,28,2;6,43,3,0;6,13,14,0;4,28,22,0,-1;14,35,13,14,-1
four.tnum	1,19,2;6,16,0,0;4,19,4,-2,-1;4,0,9,-1,-1;4,0,10,-1,-1;4,16,13,-1,-1;4,9,18,-1,-1
five.tnum	1,18,2;6,35,5,0;6,13,25,0;4,18,20,0,-1;14,22,13,25,-1
seven.tnum	1,7,2;4,7,5,0,-1;4,5,9,-1,-1
nine.tnum	1,35,2;6,45,19,0;6,27,0,0;4,35,8,0,-1
one.onum	1,4,2;2,6,0;4,4,0,-2,-1;4,4,2,-2,-1
two.onum	1,15,2;2,27,0;4,27,25,0,-1;4,25,0,-1,-1;4,15,8,0,-1
seven.onum	1,7,2;4,7,5,0,-1;4,5,9,-1,-1
dollar	1,43,3;2,21,0;4,43,3,0,-1;14,6,43,21,-1;4,21,18,-1,0;4,21,28,0,-1;14,31,21,43,-1;4,43,46,-1,0
Euro	1,44,3;2,27,0;4,44,3,0,-1;14,10,44,27,0;4,10,9,0,-1;14,15,27,44,0;4,15,16,0,-1;4,27,20,0,-1;4,16,31,-1,-1;4,15,32,-1,-1;4,10,37,-1,-1;4,9,38,-1,-1
