# Glyph name	TT hints
A	1,11,3;2,10,0;14,2,11,10,0;14,7,11,10,-1;4,10,14,-1,-1;4,2,16,0,-1
B	1,1,3;2,0,0;14,42,1,0,-1;4,42,23,0,-1;14,10,42,23,-1;4,1,31,0,-1;4,0,34,0,-1
C	1,10,3;2,0,0;4,10,17,0,-1;4,0,27,0,-1
D	1,1,3;2,0,0;4,0,14,0,-1;4,1,24,0,-1
E	1,1,3;2,0,0;4,1,3,0,-1;14,7,1,0,0;4,7,5,0,-1;4,0,10,0,-1
F	1,1,3;2,0,0;4,1,3,0,-1;14,7,1,0,0;4,7,5,0,-1
G	1,10,3;2,0,0;4,10,17,0,-1;4,0,27,0,-1;14,34,10,0,0;4,34,32,0,-1
H	1,1,3;2,0,0;14,10,0,1,0;4,10,3,0,-1;4,1,5,-1,-1;4,0,8,-1,-1
I	1,5,3;2,0,0;4,0,1,0,-1;4,5,4,0,-1;4,4,7,-1,-1;4,1,10,-1,-1
J	1,13,3;2,0,0;4,0,7,0,-1;4,13,11,0,-1
K	1,8,3;2,7,0;4,8,0,-1,-1;14,1,8,7,-1;4,7,2,-1,-1;14,4,7,8,-1;14,10,8,7,-1
L	1,1,3;2,0,0;4,0,3,0,-1
M	1,1,3;2,0,0;14,4,1,0,-1;4,1,8,-1,-1;4,0,9,-1,-1;14,14,0,1,-1;14,19,0,1,-1;14,24,1,0,-1
N	1,1,3;2,0,0;14,4,0,1,-1;4,1,10,-1,-1;4,0,11,-1,-1;14,15,1,0,-1
O	1,12,3;2,0,0;4,0,22,0,-1;4,12,34,0,-1
P	1,1,3;2,0,0;14,11,0,1,0;4,11,13,0,-1;4,1,21,0,-1
Q	1,24,3;2,12,0;6,9,3,0;4,12,0,-1,-1;4,12,34,0,-1;4,24,46,0,-1
R	1,1,3;2,0,0;14,13,1,0,0;4,13,16,0,-1;14,10,13,16,-1;4,0,11,-1,-1;4,1,23,0,-1
S	1,26,3;2,0,0;4,0,7,0,-1;14,15,26,0,-1;4,26,33,0,-1;14,41,0,26,-1
T	1,3,3;2,0,0;4,3,2,0,-1;4,2,6,-1,-1
U	1,7,3;2,0,0;4,0,15,0,-1;4,7,22,-1,-1
V	1,1,3;2,0,0;14,6,1,0,-1;4,1,12,-1,-1
W	1,1,3;2,0,0;14,8,1,0,-1;14,12,1,0,-1;14,18,0,1,-1;4,1,22,-1,-1;4,0,23,-1,-1;14,31,0,1,-1
X	1,2,3;2,0,0;14,7,2,0,-1;14,25,0,2,-1;14,1,7,25,-1;4,2,15,-1,-1;14,16,25,7,-1;4,0,17,-1,-1
Y	1,2,3;2,0,0;14,7,2,0,-1;4,7,1,0,-1;4,2,14,-1,-1;4,1,16,-1,-1
Z	1,5,3;2,0,0;4,0,9,0,-1;4,9,2,-1,-1;4,5,4,0,-1;4,4,7,-1,-1
a	1,8,0;2,0,0;14,12,8,0,-1;4,8,13,-1,0;4,0,16,-1,0;14,17,0,8,-1;4,0,21,0,-1;4,17,24,0,-1;4,12,25,0,-1;4,8,28,0,-1
b	1,16,0;1,7,4;2,0,0;14,4,0,16,-1;4,0,6,-1,0;14,10,16,0,-1;4,0,24,0,-1;4,16,32,0,-1;4,10,37,0,-1;4,4,38,0,-1
c	1,10,0;2,0,0;4,10,17,0,-1;4,0,25,0,-1
d	1,8,0;1,14,4;2,0,0;14,11,8,0,-1;4,0,17,-1,0;14,19,0,8,-1;4,0,22,0,-1;4,19,25,0,-1;4,11,26,0,-1;4,8,29,0,-1
e	1,8,0;2,0,0;14,16,8,0,0;4,0,25,0,-1;4,8,32,0,-1;4,16,37,0,-1
f	1,4,0;1,8,4;2,0,0;4,4,1,0,-1;4,8,15,0,-1;4,4,20,-1,-1;4,1,21,-1,-1
g	1,23,0;2,0,1;4,0,7,0,-1;14,15,23,0,-1;14,11,15,23,-1;14,27,23,15,-1;4,23,28,-1,0;4,15,33,0,-1;4,11,36,0,-1;4,27,37,0,-1;4,23,40,0,-1
h	1,1,4;1,10,0;2,0,0;14,4,10,0,-1;4,0,17,-1,-1;4,10,25,0,-1;4,4,28,0,-1
k	1,5,0;1,1,4;2,0,0;14,3,1,0,-1;14,7,1,0,-1;4,0,8,-1,-1;14,10,0,1,-1
l	1,8,4;2,0,0;4,8,6,0,-1;4,0,15,0,-1
m	1,7,0;2,0,0;4,7,2,-1,0;14,3,7,0,-1;4,7,13,-1,-1;14,10,13,0,-1;4,0,31,-1,-1;4,31,20,-1,-1;4,7,38,0,-1;4,38,27,-1,-1;4,10,30,0,-1;4,3,41,0,-1
n	1,9,0;2,0,0;4,9,1,-1,0;14,3,9,0,-1;4,0,16,-1,-1;4,9,24,0,-1;4,3,27,0,-1
o	1,10,0;2,0,0;4,0,20,0,-1;4,10,28,0,-1
p	1,9,0;2,17,0;2,0,1;4,9,2,-1,0;14,3,9,17,-1;14,20,17,9,-1;4,17,24,0,-1;4,9,32,0,-1;4,3,37,0,-1;4,20,38,0,-1
q	1,14,0;2,6,0;2,0,1;14,2,6,14,-1;14,18,14,6,-1;4,14,19,-1,0;4,6,22,0,-1;4,2,25,0,-1;4,18,26,0,-1;4,14,29,0,-1
r	1,9,0;2,0,0;4,9,2,-1,0;14,3,9,0,-1;4,9,16,0,-1;4,3,21,0,-1
s	1,27,0;2,0,0;4,0,9,0,-1;14,19,0,27,-1;4,27,36,0,-1;14,44,27,0,-1
t	1,10,0;2,0,0;4,10,7,0,-1;4,10,12,-2,-1;4,10,14,-1,-1;4,7,15,-1,-1;4,0,22,0,-1
u	1,9,0;2,0,0;4,0,17,0,-1;14,25,9,0,-1;4,25,20,0,-1;4,9,22,-1,-1;4,0,24,-1,0
v	1,1,0;2,0,0;14,6,1,0,-1;4,1,12,-1,-1
w	1,1,0;2,0,0;14,6,1,0,-1;14,12,1,0,-1;14,16,0,1,-1;4,1,22,-1,-1;4,0,23,-1,-1;14,29,0,1,-1
x	1,2,0;2,0,0;14,5,2,0,-1;14,14,0,2,-1;14,1,5,14,-1;4,2,9,-1,-1;14,10,14,5,-1;4,0,11,-1,-1
y	1,14,0;2,0,1;4,0,7,0,-1;14,19,14,0,-1;4,19,13,0,-1;4,14,25,-1,-1
z	1,4,0;2,0,0;4,0,7,0,-1;4,7,1,-1,-1;4,4,3,0,-1;4,3,6,-1,-1
Aogonek	1,16,3;2,15,0;6,0,26,0;4,15,11,-1,-1;14,35,16,15,0;4,35,13,0,-1;4,11,18,-1,-1;14,39,16,15,-1
AE	1,8,3;2,7,0;14,2,8,7,0;14,4,8,7,-1;4,8,10,0,-1;4,7,19,-1,-1;14,14,8,19,0;4,14,13,0,-1;4,19,17,0,-1;4,2,21,0,-1
Bstroke	1,5,3;2,0,0;4,0,27,0,-1;4,27,1,-2,-1;4,1,4,0,-1;4,4,36,-2,-1;4,36,41,0,-1;14,14,41,36,-1;4,4,38,-1,-1;4,1,39,-1,-1;4,5,50,0,-1
Dhook	1,17,3;2,0,0;4,17,39,0,-1;4,39,1,-1,-1;4,0,28,0,-1
Eogonek	1,12,3;2,11,0;6,0,31,0;4,12,14,0,-1;14,18,12,11,0;4,18,16,0,-1;4,11,21,0,-1;4,11,22,-1,-1
Ghook	1,35,3;2,25,0;6,44,51,0;4,35,4,0,-1;4,25,14,0,-1;14,19,35,25,0;4,19,21,0,-1
Hbar	1,3,3;2,18,0;6,2,19,0;4,2,6,-1,-1;4,3,8,-1,-1;4,6,10,-1,-1;4,19,22,-1,-1;4,22,11,-1,-1;4,18,13,-1,-1;14,15,3,18,0;4,15,20,0,-1
Iogonek	1,16,3;2,11,0;6,0,29,0;4,11,12,0,-1;4,16,15,0,-1;4,15,18,-1,-1;4,12,21,-1,-1;4,11,22,-1,-1
Lslash	1,3,3;2,12,0;4,12,10,0,-1
Oogonek	1,22,3;2,10,0;6,0,40,0;4,10,32,-1,-1;4,10,47,0,-1;4,22,59,0,-1
Ohorn	1,12,3;2,0,0;4,12,21,-2,-1;4,12,48,0,-1;14,28,12,48,-1;4,0,36,0,-1
Oslash	1,15,3;2,0,0;14,3,15,0,-1;14,30,15,0,-1;14,6,30,3,-1;14,18,0,15,-1;14,48,0,15,-1;14,21,48,18,-1;14,31,18,48,-1;4,15,34,0,-1;4,0,39,0,-1;14,49,3,30,-1
OE	1,10,3;2,0,0;4,10,23,0,-1;4,23,12,-1,-1;14,16,10,0,0;4,16,15,0,-1;4,0,22,0,-1;4,22,19,-1,-1
Germandbls	1,33,3;2,0,0;4,0,7,0,-1;14,15,33,0,0;4,15,16,0,-1;4,33,20,0,-1;4,0,27,-1,0;14,37,16,15,-1
Tbar	1,6,3;2,15,0;14,12,6,15,0;4,12,0,-1,-1;4,12,11,0,-1;4,11,3,-1,-1;4,6,4,0,-1;4,4,8,-1,-1
Uogonek	1,19,3;2,10,0;6,0,46,0;4,19,34,-1,-1;4,10,38,-1,-1
Uhorn	1,7,3;2,0,0;4,0,15,0,-1;4,7,22,-1,-1;4,22,29,-2,-1;4,22,37,-2,-1
Eth	1,5,3;2,0,0;14,1,5,0,0;4,1,4,0,-1;4,0,18,0,-1;4,5,28,0,-1;4,4,31,-1,-1;4,1,32,-1,-1
Thorn	1,1,3;2,14,0;6,12,16,0;6,22,4,0
Schwa	1,22,3;2,0,0;14,8,22,0,0;4,22,15,0,-1;4,0,30,0,-1;4,8,35,0,-1
Eng	1,30,3;2,0,0;4,0,7,0,-1;4,30,17,0,-1;4,0,22,-1,0;14,25,30,22,-1;4,25,20,0,-1;4,30,23,-1,0
IJ	1,1,3;2,0,0;6,4,11,0;4,1,15,-1,-1
Lcat	1,1,3;2,0,0;6,6,14,-1;4,0,3,0,-1;4,1,24,-1,-1;4,3,26,-1,-1;4,0,27,-1,-1
aogonek	1,23,0;2,15,0;6,0,36,0;4,15,10,-1,0;14,12,15,23,-1;14,26,23,15,-1;4,23,28,-1,0;4,10,30,-1,-1;4,15,43,0,-1;4,12,46,0,-1;4,26,47,0,-1;4,23,50,0,-1
ae	1,22,0;2,0,0;14,8,22,0,-1;4,22,13,0,-1;14,25,22,0,-1;4,22,28,-1,-1;14,36,22,0,-1;4,0,60,0,-1;4,60,45,-1,-1;4,0,52,-1,-1;14,57,22,0,-1;4,8,71,0,-1;4,13,79,-1,-1;4,36,84,0,-1
bstroke	1,11,4;2,0,0;4,11,10,-2,-1;4,10,7,0,-1;4,7,22,-2,-1;14,4,0,22,-1;4,0,5,-1,0;4,10,14,-1,-1;4,7,15,-1,-1;14,18,22,0,-1;4,0,30,0,-1;4,22,38,0,-1;4,18,41,0,-1;4,4,42,0,-1
dcaron	1,8,0;1,14,4;2,0,0;6,37,39,-1;14,11,8,0,-1;4,0,17,-1,0;14,19,0,8,-1;4,0,22,0,-1;4,19,25,0,-1;4,11,26,0,-1;4,8,29,0,-1
dcroat	1,18,4;2,0,0;4,18,20,-2,-1;4,20,23,0,-1;4,23,8,-2,-1;14,11,8,0,-1;4,0,25,-1,0;14,26,0,8,-1;4,0,30,0,-1;4,26,33,0,-1;4,11,34,0,-1;4,8,37,0,-1
eogonek	1,19,0;2,11,0;6,0,48,0;14,27,19,11,0;4,11,36,0,-1;4,19,55,0,-1;4,27,60,0,-1
hbar	1,5,4;2,0,0;4,5,4,-2,-1;4,4,1,0,-1;4,4,8,-1,-1;4,1,9,-1,-1;4,1,18,-2,-1;14,12,18,0,-1;4,0,25,-1,-1;4,18,33,0,-1;4,12,36,0,-1
dotlessi	1,8,0;2,0,0;4,8,6,0,-1;4,0,15,0,-1
kgreenlandic	1,1,0;2,0,0;14,3,1,0,-1;4,1,6,-1,-1;14,7,0,1,-1;4,0,8,-1,-1;14,10,1,0,-1
lslash	1,12,4;2,0,0;4,12,10,0,-1;4,0,23,0,-1
napostrophe	1,9,0;2,0,0;6,41,35,-1;4,9,2,-1,0;14,3,9,0,-1;4,0,16,-1,-1;4,9,24,0,-1;4,3,27,0,-1;4,35,30,-2,-1;4,30,29,-2,-1
oogonek	1,20,0;2,10,0;6,0,38,0;4,10,30,-1,-1;4,10,45,0,-1;4,20,53,0,-1
ohorn	1,10,0;2,0,0;4,10,20,-2,-1;4,10,44,0,-1;14,28,10,44,-1;4,0,36,0,-1
oslash	1,13,0;2,0,0;14,3,0,13,-1;14,28,13,0,-1;14,6,28,3,-1;14,16,0,13,-1;14,44,0,13,-1;14,19,44,16,-1;14,29,16,44,-1;4,13,32,0,-1;4,0,37,0,-1;14,45,3,28,-1
oe	1,8,0;2,0,0;14,11,8,0,-1;4,8,14,-1,-1;14,20,8,0,0;4,0,56,0,-1;4,56,26,-1,-1;4,0,33,-1,-1;14,36,0,8,-1;4,8,64,0,-1;4,64,39,-1,-1;4,20,44,0,-1
germandbls	1,38,4;2,0,0;4,0,7,0,-1;4,38,29,0,-1;4,0,34,-1,0
longs	1,4,0;1,8,4;2,0,0;4,4,1,0,-1;4,8,15,0,-1
tbar	1,6,0;2,29,0;4,6,8,-2,-1;14,15,8,29,0;4,15,13,0,-1;4,13,2,-1,-1;4,6,3,0,-1;4,6,10,-1,-1;4,3,11,-1,-1;4,29,22,0,-1;4,15,36,-1,-1
uogonek	1,26,0;2,17,0;6,0,46,0;4,17,10,-1,0;14,11,26,17,-1;4,17,34,0,-1;4,11,37,0,-1;4,26,39,-1,-1;4,10,40,-1,-1
uhorn	1,9,0;2,0,0;4,0,17,0,-1;14,42,9,0,-1;4,42,20,0,-1;4,9,22,-1,-1;4,22,31,-2,-1;4,22,39,-2,-1;4,0,41,-1,0
eth	1,23,4;2,0,0;6,10,45,0;14,13,23,0,-1;4,0,37,0,-1;4,13,42,0,-1
thorn	1,1,4;1,10,0;2,0,1;2,18,0;14,4,10,18,-1;14,21,18,10,-1;4,18,25,0,-1;4,10,33,0,-1;4,4,38,0,-1;4,21,39,0,-1
eng	1,31,0;2,22,0;2,0,1;4,0,7,0,-1;4,31,17,0,-1;14,25,31,22,-1;4,25,20,0,-1;4,31,24,-1,0
dotlessj	1,15,0;2,0,1;4,0,7,0,-1;4,15,13,0,-1
ij	1,1,0;2,0,0;2,16,1;6,4,10,-1;4,16,23,0,-1;4,1,27,-1,-1;4,4,32,-1,-1;4,10,38,-1,-1
lcat	1,8,4;2,0,0;6,22,30,-1;4,8,6,0,-1;4,0,15,0,-1;4,0,38,-1,-1;4,6,44,-1,-1;4,8,47,-1,-1;4,15,53,-1,-1
ijacute	1,1,0;2,0,0;2,4,1;6,20,22,-1;4,4,11,0,-1;4,1,15,-1,-1;4,20,24,-1,-1;4,22,26,-1,-1
aturned	1,0,0;2,27,0;14,10,0,27,0;4,27,16,0,-1;4,0,35,-1,0;14,36,0,27,-1;4,0,42,0,-1;4,36,45,0,-1;4,10,46,0,-1
alphalatinturned	1,15,0;2,0,0;14,4,0,15,-1;4,0,5,-1,0;4,15,8,-1,0;14,9,15,0,-1;4,0,23,0,-1;4,15,31,0,-1;4,9,36,0,-1;4,4,37,0,-1
bhook	1,27,0;1,10,4;2,0,0;14,4,0,27,-1;4,0,5,-1,0;4,10,17,0,-1;14,21,27,0,-1;4,0,35,0,-1;4,27,43,0,-1;4,21,48,0,-1;4,4,49,0,-1
oopen	1,22,0;2,0,0;4,0,7,0,-1;4,22,15,0,-1
ccurl	1,22,0;2,46,0;4,46,0,0,-1;4,0,6,-2,-1;4,6,40,0,-1;14,37,40,46,-1;14,48,46,40,-1;14,9,37,48,-1;4,46,11,-2,-1;14,14,48,37,-1;4,22,29,0,-1
dtail	1,20,0;1,26,4;2,0,1;2,12,0;14,8,12,20,-1;14,23,20,12,-1;4,0,34,0,-1;4,12,41,0,-1;4,8,44,0,-1;4,23,45,0,-1;4,20,48,0,-1
dhook	1,8,0;1,16,4;2,0,0;14,11,8,0,-1;4,16,22,0,-1;4,0,27,-1,0;14,28,0,8,-1;4,0,32,0,-1;4,28,35,0,-1;4,11,36,0,-1;4,8,39,0,-1
ereversed	1,31,0;2,10,0;4,31,0,0,-1;14,23,31,10,0;4,23,6,0,-1;4,10,17,0,-1
bsmall	1,1,0;2,0,0;14,29,1,0,0;4,29,31,0,-1;14,11,31,29,-1;4,0,23,0,-1;4,1,40,0,-1
schwa	1,21,0;2,0,0;14,8,21,0,0;4,21,14,0,-1;4,0,29,0,-1;4,8,34,0,-1
schwahookrhotic	1,16,0;2,0,0;6,33,26,0;14,5,16,0,-1;14,6,16,0,-1;4,16,9,0,-1;14,19,16,0,-1;14,37,16,0,-1;4,0,45,0,-1;14,52,0,16,-1;14,53,0,16,-1
eopen	1,17,0;2,0,0;14,32,17,0,0;4,32,30,0,-1;14,10,30,32,-1;4,17,24,0,-1;4,0,40,0,-1
eopenreversed	1,34,0;2,0,0;4,0,6,0,-1;14,15,34,0,0;4,15,17,0,-1;4,34,27,0,-1;14,44,17,15,-1
eopenreversedclosed	1,10,0;2,0,0;14,40,10,0,0;4,40,41,0,-1;14,21,41,40,-1;4,0,31,0,-1;4,10,52,0,-1
dotlessjstroke	1,19,0;2,0,1;6,13,16,0;4,0,7,0,-1;4,19,17,0,-1;4,16,22,-1,-1;4,13,23,-1,-1
ghook	1,23,0;2,0,1;6,31,37,0;4,0,7,0,-1;14,15,23,0,0;14,11,15,23,-1;14,26,23,15,-1;4,15,44,0,-1;4,11,47,0,-1;4,26,48,0,-1;4,23,51,0,-1
gsmall	1,10,0;2,0,0;6,32,33,0;4,10,17,0,-1;4,0,27,0,-1
gammalatin	1,7,0;2,0,1;14,12,0,7,-1;14,31,7,0,-1;14,6,12,31,-1;4,7,18,-1,-1;14,19,31,12,-1;4,0,25,0,-1
ramshorn	1,16,0;2,0,0;14,19,16,0,-1;14,47,0,16,-1;14,8,19,47,-1;4,16,11,0,-1;4,16,22,-1,-1;4,11,28,-1,-1;14,31,47,19,-1;4,0,39,0,-1
hturned	1,15,0;2,0,1;2,8,0;14,3,15,8,-1;4,8,23,0,-1;4,3,26,0,-1;4,15,28,-1,-1
hhook	1,21,0;1,4,4;2,0,0;4,4,11,0,-1;14,15,21,0,-1;4,0,28,-1,-1;4,21,36,0,-1;4,15,39,0,-1
henghook	1,43,0;1,26,4;2,22,0;2,0,1;4,0,7,0,-1;4,43,17,0,-1;14,37,43,22,-1;4,37,20,0,-1;4,26,33,0,-1
hsmall	1,1,0;2,0,0;14,9,1,0,0;4,9,3,0,-1;4,1,6,-1,-1;4,0,7,-1,-1
ismall	1,5,0;2,0,0;4,0,1,0,-1;4,5,4,0,-1;4,4,7,-1,-1;4,1,10,-1,-1
kturned	1,6,0;2,12,1;2,3,0;14,1,6,3,-1;14,5,6,3,-1;14,8,3,6,-1;4,1,9,0,-1;4,6,11,-1,-1
lbelt	1,12,4;2,29,0;14,14,12,29,0;4,14,17,0,-1;4,17,0,-1,-1;4,14,36,-1,-1;4,36,41,-2,-1;4,41,6,0,-1;4,12,10,0,-1;4,29,23,0,-1
lretroflex	1,8,4;2,0,1;4,8,6,0,-1;4,0,15,0,-1
lezh	1,29,0;1,27,4;2,0,1;2,26,0;4,0,11,0,-1;14,18,29,0,0;4,18,32,0,-1;4,32,22,-1,-1;4,29,23,0,-1;4,23,31,-1,-1
lsmall	1,1,0;2,0,0;4,0,4,0,-1
mturned	1,20,0;2,13,0;4,20,32,-1,-1;4,32,0,-1,-1;4,13,7,-1,-1;4,7,2,-1,0;14,3,20,13,-1;14,10,13,20,-1;4,13,27,0,-1;4,10,30,0,-1;4,27,38,-1,-1;4,3,41,0,-1
mlonglegturned	1,21,0;2,14,0;2,0,1;4,14,8,-1,-1;4,21,33,-1,-1;14,4,8,33,-1;14,11,21,14,-1;4,14,28,0,-1;4,11,31,0,-1;4,28,39,-1,-1;4,4,42,0,-1;4,33,44,-1,-1
mhook	1,39,0;2,32,0;2,0,1;4,0,7,0,-1;4,39,27,0,-1;4,27,16,-1,-1;14,42,32,39,-1;4,42,19,0,-1;4,32,20,-1,-1;14,35,39,32,-1;4,35,30,0,-1;4,39,34,-1,0;4,39,45,-1,-1
nhookleft	1,18,0;2,0,1;2,26,0;4,0,6,0,-1;4,18,11,-1,0;14,12,18,26,-1;4,18,33,0,-1;4,12,36,0,-1
nretroflex	1,27,0;2,18,0;2,0,1;4,27,13,0,-1;14,21,27,18,-1;4,21,16,0,-1;4,27,20,-1,-1;4,0,40,0,-1
nsmall	1,1,0;2,0,0;14,7,0,1,-1;4,1,12,-1,-1;4,0,13,-1,-1;14,19,1,0,-1
obar	1,10,0;2,0,0;4,10,20,0,-1;14,35,10,0,0;4,35,25,0,-1;4,0,30,0,-1
oesmall	1,8,0;2,0,0;4,8,12,-1,0;4,0,21,-1,0;14,18,12,21,0;4,18,16,0,-1;4,21,19,0,-1;4,0,25,0,-1;4,8,32,0,-1
philatin	1,34,4;1,33,0;2,22,1;2,23,0;4,23,5,0,-1;4,33,6,0,-1;4,6,16,-1,-1;4,5,17,-1,-1;4,33,36,-1,-1;4,23,46,-1,-1
rturned	1,22,0;2,9,0;4,9,2,-1,0;14,3,22,9,-1;4,9,16,0,-1;4,3,21,0,-1
rlonglegturned	1,13,4;2,0,0;4,0,7,0,-1;14,18,13,0,-1;4,18,12,0,-1;4,0,16,-1,0
rhookturned	1,22,0;2,11,0;2,0,1;14,7,22,11,-1;4,11,18,0,-1;4,7,21,0,-1;4,0,28,0,-1
rtail	1,15,0;2,0,1;4,15,8,-1,0;14,9,15,0,-1;4,15,22,0,-1;4,9,27,0,-1;4,0,33,0,-1
rfishhook	1,4,0;2,0,0;4,4,15,0,-1
rsmall	1,1,0;2,0,0;14,11,1,0,0;4,11,14,0,-1;14,8,14,11,-1;4,0,9,-1,-1;4,1,21,0,-1
rsmallinverted	1,9,0;2,2,0;4,9,0,-1,-1;14,14,9,2,0;4,14,11,0,-1;14,8,11,14,-1;4,2,22,0,-1
shook	1,29,0;2,56,0;2,0,1;4,56,11,0,-1;14,21,56,29,-1;4,29,38,0,-1;14,46,29,56,-1;4,0,67,0,-1
esh	1,14,4;2,0,1;4,0,7,0,-1;4,14,21,0,-1
dotlessjstrokehook	1,18,4;2,0,1;6,11,14,0;4,0,7,0,-1;4,18,25,0,-1;4,14,30,-1,-1;4,11,31,-1,-1
tturned	1,0,0;2,14,0;4,14,16,0,-1;4,16,8,-1,-1;4,14,10,-1,-1;4,14,11,-2,-1;4,0,22,0,-1
tretroflex	1,10,0;2,0,1;4,10,7,0,-1;4,10,12,-2,-1;4,10,14,-1,-1;4,7,15,-1,-1;4,0,22,0,-1
ubar	1,23,0;2,12,0;4,12,0,0,-1;14,35,12,23,-1;4,35,3,0,-1;14,4,23,12,0;4,4,19,-1,-1;4,4,26,0,-1;4,26,22,-1,-1;4,23,28,-1,-1;4,26,30,-1,-1;4,4,31,-1,-1;4,12,34,-1,0
upsilonlatin	1,13,0;2,0,0;4,13,12,0,-1;4,12,15,-1,-1;4,0,25,0,-1;4,12,36,-1,-1;4,36,33,-1,-1;4,13,35,-1,-1
vhook	1,32,0;2,0,0;4,32,8,-1,0;4,0,18,0,-1;4,32,26,0,-1
vturned	1,13,0;2,12,0;4,12,1,-1,-1;14,7,13,12,-1
wturned	1,23,0;2,22,0;4,23,0,-1,-1;4,22,1,-1,-1;14,7,22,23,-1;14,12,22,23,-1;14,17,23,22,-1;14,28,23,22,-1
yturned	1,6,4;2,0,0;4,6,13,0,-1;14,25,6,0,-1;4,25,19,0,-1;4,0,20,-1,-1
ysmall	1,2,0;2,0,0;14,7,2,0,-1;4,7,1,0,-1;4,2,13,-1,-1;4,1,14,-1,-1
zretroflex	1,12,0;2,8,0;2,0,1;4,8,16,0,-1;4,16,9,-1,-1;4,12,10,0,-1;4,10,14,-1,-1;4,0,24,0,-1
zcurl	1,9,0;2,5,0;4,5,12,0,-1;4,12,6,-1,-1;4,9,7,0,-1;4,7,11,-1,-1;4,12,32,-1,-1;4,32,28,-2,-1;4,28,16,0,-1;4,5,24,-1,-1
ezh	1,26,0;2,0,1;4,0,11,0,-1;14,19,26,0,0;4,19,29,-2,-1;4,29,23,-1,-1;4,26,24,0,-1
dezh	1,56,0;1,64,0;1,62,4;2,48,0;2,17,1;4,48,0,0,-1;14,44,48,56,-1;4,44,3,0,-1;14,60,56,48,-1;4,60,4,0,-1;4,56,9,0,-1;4,17,28,0,-1;14,35,64,17,0;4,35,67,0,-1;4,67,39,-1,-1;4,64,40,0,-1;4,48,43,-1,0;4,40,66,-1,-1
ts	1,12,0;2,0,0;4,12,9,0,-1;4,12,18,-1,0;4,18,25,0,-1;14,28,18,0,-1;4,0,40,0,-1;14,45,0,18,-1;4,9,55,-1,-1
tesh	1,46,4;1,38,0;2,28,0;2,0,1;4,0,7,0,-1;4,38,35,0,-1;4,35,13,-1,-1;4,28,21,0,-1;4,38,40,-2,-1;4,38,42,-1,-1;4,46,53,0,-1
glottalstop	1,18,4;2,0,0;4,18,9,0,-1
glottalstopreversed	1,9,4;2,0,0;4,9,16,0,-1
glottalstopstroke	1,21,4;2,0,0;6,1,4,0;4,21,12,0,-1;4,4,32,-1,-1;4,1,34,-1,-1
glottalstopstrokereversed	1,12,4;2,0,0;6,4,1,0;4,12,19,0,-1;4,4,28,-1,-1;4,1,29,-1,-1
clickalveolar	1,9,4;2,0,1;6,8,5,0;4,5,4,-2,-1;4,4,1,0,-1;4,8,12,-1,-1;4,5,13,-1,-1;4,4,16,-1,-1;4,1,17,-1,-1
clickbilabial	1,10,4;2,0,0;4,0,20,0,-1;4,10,30,0,-1;14,40,10,0,0;4,40,46,-2,-1
Eng.a	1,19,3;2,18,0;6,0,7,0;4,18,10,-1,-1;14,13,19,18,-1;14,23,18,19,-1;4,19,28,-1,-1
a.a	1,27,0;2,0,0;14,10,27,0,0;4,27,16,0,-1;4,0,35,-1,0;14,36,27,0,-1;4,0,42,0,-1;4,36,45,0,-1;4,10,46,0,-1
aogonek.a	1,44,0;2,17,0;6,0,57,0;4,17,10,-1,0;14,11,44,17,-1;14,27,44,17,0;4,44,33,0,-1;4,10,51,-1,-1;4,17,64,0,-1;4,11,67,0,-1;4,27,68,0,-1
g.a	1,26,0;2,0,1;2,86,0;14,39,26,86,0;14,10,39,86,-1;14,18,26,86,-1;4,26,29,-1,0;4,26,68,0,-1;4,68,30,-1,0;14,42,86,26,-1;4,86,50,0,-1;4,39,60,0,-1;4,0,76,0,-1;14,89,86,39,-1
iogonek.d	1,17,0;2,9,0;6,0,36,0;4,17,15,0,-1;4,9,24,0,-1
istroke.d	1,5,0;2,23,0;14,29,5,23,0;4,29,2,0,-1;4,5,3,0,-1;4,2,8,-1,-1;4,29,9,-1,-1;4,23,16,0,-1
jcrossedtail.d	1,18,0;2,4,1;4,4,0,-2,-1;4,4,25,0,-1;4,25,30,-2,-1;4,30,10,0,-1;14,2,4,10,-1;14,12,10,4,-1;4,18,16,0,-1;14,22,2,12,-1;14,28,12,2,-1
pi	1,7,0;2,24,0;4,24,1,-1,0;4,7,4,0,-1;4,4,32,-1,-1;4,32,9,-1,-1;4,24,17,0,-1
numero	1,21,2;2,0,0;6,74,75,0;6,66,50,0;4,0,4,0,-1;4,21,8,-1,0;14,11,0,8,-1;4,21,25,0,-1;4,0,30,-1,0;14,33,8,0,-1;4,75,42,-2,-1;4,42,58,0,-1
ampersand	1,18,3;2,0,0;14,48,18,0,-1;14,67,0,18,-1;14,10,48,67,-1;14,26,67,48,-1;14,29,18,0,-1;14,43,0,18,-1;14,36,43,29,-1;4,0,40,-1,-1;4,40,39,0,-1;4,18,56,0,-1;4,0,61,0,-1;14,64,29,43,-1
zero	1,10,2;2,0,0;4,0,22,0,-1;4,10,32,0,-1;14,44,10,0,0;4,44,50,-2,-1
one	1,8,2;2,0,0;4,0,1,0,-1;4,8,3,-1,-1;4,1,11,-1,-1
two	1,16,2;2,0,0;4,0,30,0,-1;4,30,1,-1,-1;4,16,9,0,-1
three	1,37,2;2,0,0;4,0,11,0,-1;14,21,37,0,0;4,21,22,-2,-1;4,37,30,0,-1;14,44,22,21,-1
four	1,4,2;2,0,0;6,12,1,0;4,12,11,-1,-1;4,11,3,-1,-1;4,12,6,-1,-1;4,1,9,-1,-1;14,17,4,0,-1
five	1,24,2;2,0,0;4,0,11,0,-1;14,31,24,0,0;4,31,19,0,-1;14,28,31,0,-1;4,28,23,-1,-1;4,24,26,0,-1
six	1,10,2;2,0,0;4,10,17,0,-1;14,27,10,0,0;14,22,27,0,-1;4,0,37,0,-1;4,27,47,0,-1;4,22,50,0,-1
seven	1,7,2;2,0,0;4,7,5,0,-1;4,5,9,-1,-1
eight	1,19,2;2,0,0;14,68,19,0,-1;4,68,10,-2,-1;14,38,0,19,-1;4,38,28,-2,-1;4,19,48,0,-1;4,0,58,0,-1
nine	1,46,2;2,19,0;14,36,46,19,0;4,36,0,0,-1;4,46,9,0,-1;4,19,26,0,-1;14,31,19,46,-1
zero.0	1,10,2;2,0,0;4,10,22,0,-1;14,25,10,0,-1;14,26,0,10,-1;4,0,36,0,-1;14,39,0,10,-1;14,40,10,0,-1
zero.onum	1,10,1;2,0,0;4,0,18,0,-1;4,10,26,0,-1;14,34,10,0,0;4,34,40,-2,-1
one.onum	1,8,1;2,0,0;4,0,1,0,-1;4,8,3,-1,-1;4,1,11,-1,-1
two.onum	1,16,1;2,0,0;4,0,28,0,-1;4,28,1,-1,-1;4,16,9,0,-1
three.onum	1,35,1;6,0,11,0;14,19,35,0,-1;4,19,20,0,-1;4,35,28,0,-1;14,41,19,20,-1
four.onum	8,0,0;1,4,1;6,8,7,0;4,8,1,-1,-1;4,7,12,-1,-1;14,16,4,0,-1
five.onum	1,26,1;6,0,11,0;14,33,26,0,0;4,33,21,0,-1;14,30,33,0,-1;4,30,25,-1,-1;4,26,28,0,-1
seven.onum	8,0,0;1,7,1;4,7,5,0,-1;4,5,9,-1,-1
nine.onum	1,44,1;6,21,28,0;14,36,44,21,0;4,36,0,0,-1;14,33,44,21,-1;4,33,5,0,-1;4,44,13,0,-1
zero.0o	1,10,1;2,0,0;4,10,18,0,-1;14,21,10,0,-1;14,22,0,10,-1;4,0,28,0,-1;14,31,0,10,-1;14,32,10,0,-1
zero.cap	1,12,3;2,0,0;4,0,24,0,-1;4,12,36,0,-1;14,48,12,0,0;4,48,54,-2,-1
one.cap	1,9,3;2,0,0;4,0,1,0,-1;4,9,4,-1,-1;4,1,11,-1,-1
two.cap	1,16,3;2,0,0;4,0,30,0,-1;4,30,1,-1,-1;4,16,9,0,-1
three.cap	1,37,3;2,0,0;4,0,11,0,-1;14,21,37,0,0;4,21,22,0,-1;4,37,30,0,-1;14,46,22,21,-1
four.cap	1,4,3;2,0,0;4,0,1,-2,-1;4,1,12,0,-1;4,12,3,-1,-1;4,12,7,-1,-1;4,1,8,-1,-1;14,16,4,0,-1
five.cap	1,24,3;2,0,0;4,0,11,0,-1;14,31,24,0,0;4,31,19,0,-1;14,28,31,0,-1;4,28,23,-1,-1;4,24,26,0,-1
six.cap	1,10,3;2,0,0;4,10,17,0,-1;14,27,10,0,0;14,22,27,0,-1;4,0,37,0,-1;4,27,47,0,-1;4,22,50,0,-1
seven.cap	1,7,3;2,0,0;4,7,5,0,-1;4,5,9,-1,-1
eight.cap	1,19,3;2,0,0;6,68,38,0;14,10,38,68,-1;14,27,68,38,-1;4,19,48,0,-1;4,0,58,0,-1
nine.cap	1,46,3;2,19,0;14,36,46,19,0;4,36,0,0,-1;14,31,36,46,-1;4,31,3,0,-1;4,46,9,0,-1;4,19,26,0,-1
zero.0c	1,12,3;2,0,0;4,12,24,0,-1;14,27,12,0,-1;14,28,0,12,-1;4,0,38,0,-1;14,41,0,12,-1;14,42,12,0,-1
period	2,0,0;4,0,8,-2,-1
comma	2,7,0;4,7,1,-2,-1;4,1,0,-2,-1;4,7,13,-2,-1
ellipsis	2,0,0;4,0,6,-2,-1;4,0,12,-1,-1;4,6,18,-1,-1;4,12,24,-1,-1;4,18,30,-1,-1
exclam	1,2,3;2,6,0;4,6,14,-2,-1;4,14,0,-2,-1
exclamdown	1,6,0;2,3,1;4,6,14,-2,-1;4,14,5,-2,-1
question	1,22,3;2,38,0;4,38,46,-2,-1;4,46,0,-2,-1;4,22,15,0,-1
questiondown	1,38,0;2,22,1;4,22,15,0,-1;4,38,46,-2,-1;4,46,37,-2,-1
quoteleft	6,0,12,-1;4,12,7,-2,-1;4,7,6,-2,-1
quoteright	6,12,6,-1;4,6,1,-2,-1;4,1,0,-2,-1
quotereversed	6,14,8,-1;4,14,22,-2,-1;4,22,0,-2,-1
endash	6,0,1,0
emdash	6,0,1,0
figuredash	6,0,1,0
underscore	6,0,1,0
overline	6,0,1,0
undertie	6,0,7,0
bracketleft	6,7,6,0;6,3,2,0
bracketright	6,0,1,0;6,4,5,0
braceleft	6,55,54,0;6,13,14,0;6,29,28,0;14,40,14,13,-1
braceright	6,0,1,0;6,27,26,0;6,42,41,0;14,12,41,42,-1
slash	1,1,4;4,1,3,-2,-1
bar	6,3,2,-2
backslash	1,1,4;4,1,3,-2,-1
brokenbar	6,3,6,-2
asterisk	8,0,0;14,2,0,6,-1;4,2,5,0,-1;4,5,8,-1,-1;4,2,11,-1,-1;4,0,13,-1,-1
dagger	6,1,4,0;4,4,6,-2,-1;4,4,7,-1,-1;4,1,10,-1,-1
daggerdbl	6,6,9,0;6,1,4,0;4,9,11,-2,-1;4,9,12,-1,-1;4,6,15,-1,-1;4,4,17,-1,-1;4,1,20,-1,-1;4,1,21,-2,-1
section	6,31,38,0;6,0,7,0;14,78,31,0,-1;4,78,23,0,-1;14,67,0,31,-1;4,67,56,0,-1
questiondbl	1,17,3;2,30,0;4,30,38,-2,-1;4,38,0,-2,-1;4,17,10,0,-1;4,0,46,-1,-1;4,10,56,-1,-1;4,17,63,-1,-1;4,30,76,-1,-1;4,38,84,-1,-1
exclamquestion	1,48,3;2,52,0;4,52,60,-2,-1;4,60,46,-2,-1;4,46,0,-1,-1;4,48,17,-1,0;4,17,10,0,-1;4,52,30,-1,-1;4,60,38,-1,-1
questionexclam	1,48,3;2,30,0;4,30,38,-2,-1;4,38,0,-2,-1;4,48,17,-1,0;4,17,10,0,-1;4,0,46,-1,-1;4,30,52,-1,-1;4,38,60,-1,-1
interrobang	1,22,3;2,35,0;4,35,43,-2,-1;4,43,0,-2,-1;4,22,15,0,-1;4,15,2,-2,-1;14,5,22,35,-1
interrobangdown	1,35,0;2,22,1;4,22,15,0,-1;4,15,3,-2,-1;14,5,35,22,-1;4,35,43,-2,-1;4,43,34,-2,-1
ceilingleft	6,2,3,0
ceilingright	6,3,2,0
floorleft	6,4,5,0
floorright	6,1,0,0
bracketleftwhite	6,2,3,0;6,6,7,0
bracketrightwhite	6,5,4,0;6,1,0,0
brackhalftopleft	6,2,3,0
brackhalftopright	6,3,2,0
brackhalfbotleft	6,4,5,0
brackhalfbotright	6,1,0,0
copyright	1,10,3;2,0,0;4,0,20,0,-1;4,10,30,0,-1;4,20,40,-2,-1;4,30,48,-2,-1;4,48,55,0,-1;4,40,63,0,-1
soundcopyright	1,10,3;2,0,0;6,56,50,0;4,0,20,0,-1;4,10,30,0,-1;4,50,40,-2,-1;4,30,41,-2,-1;4,41,53,0,-1
registered	6,0,20,0;6,10,28,0;6,38,58,-1;4,28,46,-2,-1;4,46,36,-2,-1;4,20,45,-2,-1;14,53,38,58,-1;4,45,54,-1,-1
trademark	8,7,0;6,2,3,0;6,22,13,0;4,2,5,-1,-1;4,7,8,-1,-1;4,3,9,-1,-1;4,3,15,-1,-1;4,15,10,-1,-1;4,8,18,-1,-1;4,15,21,0,-1;4,21,24,-1,-1
servicemark	6,19,26,0;6,0,7,0;6,53,42,0;14,13,0,19,-1;14,32,19,0,-1;4,19,40,-1,-1;4,40,46,-1,-1;4,0,57,-1,-1;4,57,47,-1,-1;4,40,54,0,-1;4,54,51,-1,-1
at	8,17,0;6,8,35,0;6,0,43,0;6,21,50,0;4,21,16,-1,0;14,29,8,21,0;14,18,29,21,-1;4,17,53,0,-1;4,29,54,0,-1
at.case	8,18,0;1,10,3;2,0,0;6,22,47,0;4,22,17,-1,0;14,28,10,22,0;14,19,28,22,-1;4,10,31,0,-1;4,0,41,0,-1;4,18,50,0,-1;4,28,51,0,-1
numbersign	1,13,2;1,17,2;2,4,0;2,0,0;6,6,7,0;6,10,11,0;4,6,1,-1,-1;4,11,16,-1,-1;4,16,20,-1,-1;4,10,29,-1,-1;4,29,21,-1,-1;4,7,28,-1,-1;4,28,24,-1,-1;4,1,25,-1,-1
asterisk.a	8,0,0;1,6,4;14,2,6,0,-1;4,2,5,-2,-1;4,5,8,-1,-1;4,0,13,-1,-1;4,2,14,-2,-1
hyphen.a	6,0,1,0
dollar.a	6,49,7,0;6,25,12,0;14,3,49,25,-1;14,22,25,49,-1;4,25,29,-2,-1;4,22,39,-2,-1;4,49,52,-2,-1;4,3,62,-2,-1
zero.subs	6,0,20,0;6,30,10,0
one.subs	6,0,1,0;6,9,4,0;4,1,11,-1,-1
two.subs	6,0,25,0;6,16,9,0;4,25,1,-1,-1
three.subs	6,0,7,0;6,15,16,0;6,29,24,0;14,35,16,15,-1
four.subs	8,0,0;8,4,0;6,1,7,0;4,7,3,-1,-1;4,7,11,-1,-1;4,1,12,-1,-1
five.subs	6,20,22,0;6,27,15,0;6,0,7,0
six.subs	6,0,31,0;6,39,23,0;6,15,10,0
seven.subs	8,0,0;6,5,3,0;4,3,7,-1,-1
eight.subs	6,0,46,0;6,56,34,0;6,40,17,0;14,8,34,56,-1;14,26,56,34,-1
nine.subs	6,17,22,0;6,30,0,0;6,9,38,0
period.subs	6,0,5,0
comma.subs	6,11,5,0;4,5,1,-2,-1;4,1,0,-2,-1
zero.dnom	2,0,0;6,8,24,0;4,0,16,0,-1
one.dnom	2,0,0;6,1,6,0
two.dnom	2,0,0;6,16,9,0;4,0,25,0,-1;4,25,1,-1,-1
three.dnom	2,0,0;6,13,14,0;6,19,26,0;4,0,7,0,-1;14,32,14,13,-1
four.dnom	8,4,0;2,0,0;6,1,7,0;4,7,3,-1,-1;4,7,11,-1,-1;4,1,12,-1,-1
five.dnom	6,0,7,0;6,12,23,0;6,17,19,0
six.dnom	2,0,0;6,37,23,0;6,15,8,0;4,0,31,0,-1
seven.dnom	2,0,0;6,5,8,0;4,5,9,-1,-1
eight.dnom	2,0,0;6,46,30,0;6,34,15,0;14,6,30,46,-1;14,24,46,30,-1;4,0,40,0,-1
nine.dnom	2,12,0;6,27,0,0;6,6,35,0;4,12,19,0,-1
period.dnom	6,0,5,0
comma.dnom	2,6,0;4,6,1,-2,-1;4,1,0,-2,-1;4,6,12,0,-1
hyphen.sups	6,0,1,0
endash.sups	6,0,1,0
emdash.sups	6,0,1,0
currency	6,31,35,0;6,43,14,0
dollar	6,0,13,0;6,33,44,0;4,0,3,-2,-1;14,23,0,33,-1;4,33,36,-2,-1;14,52,33,0,-1
sterling	1,17,2;2,0,0;6,8,11,0;4,0,43,0,-1;4,43,1,-1,-1;4,17,26,0,-1;4,11,33,-1,-1;4,8,34,-1,-1
yen	1,9,2;2,0,0;14,5,9,0,0;4,5,4,-2,-1;4,4,1,-2,-1;4,5,8,-2,-1;14,14,9,0,-1;4,9,20,-1,-1;4,8,22,-1,-1;4,5,23,-1,-1;4,4,26,-1,-1;4,1,27,-1,-1
Euro	1,19,2;2,0,0;14,33,19,0,0;4,33,37,-2,-1;4,37,38,0,-1;4,38,6,-1,-1;4,37,9,-1,-1;4,33,11,-1,-1;4,33,32,0,-1;4,32,14,-1,-1;4,19,26,0,-1;4,0,45,0,-1
cent	6,10,3,0;6,4,18,0;4,18,20,-2,-1;4,18,21,-1,-1;4,4,28,-1,-1;4,3,29,-1,-1;4,10,36,-1,-1;4,10,37,-2,-1
florin	1,18,3;6,0,7,0;6,33,32,0;4,33,10,-1,-1;4,32,14,-1,-1;4,18,25,0,-1
colonmonetary	1,39,2;2,60,0;4,39,0,0,-1;4,60,53,0,-1;4,53,6,-1,-1;14,12,39,60,-1;4,0,13,-1,-1;4,60,19,-1,-1;14,25,60,39,-1;4,39,33,-1,-1;4,39,45,-1,-1;4,0,52,-1,-1
lira	1,25,2;2,0,0;4,0,54,0,-1;4,54,1,-1,0;14,42,25,0,0;4,42,47,-2,-1;4,47,48,0,-1;4,48,8,-1,-1;4,47,10,-1,-1;4,42,15,-1,-1;4,42,41,0,-1;4,41,17,-1,-1;4,25,32,0,-1
naira	1,19,2;2,8,0;6,12,14,-1;14,0,19,8,-1;4,14,18,-2,-1;4,18,2,-1,-1;14,4,8,19,-1;4,12,9,-2,-1;4,9,35,-1,-1;4,35,6,-1,-1;4,2,22,-1,-1;4,19,24,-1,-1;4,22,26,-1,-1;4,14,43,-1,-1;4,43,39,-1,-1;4,39,27,-1,-1;4,12,42,-1,-1;4,42,38,-1,-1;4,38,30,-1,-1;4,6,31,-1,-1;4,8,33,-1,-1
peseta	1,5,2;2,0,0;6,19,30,0;6,1,4,0;4,4,23,-1,-1;4,23,13,-1,-1;4,1,34,-1,-1;4,34,14,-1,-1;4,5,29,0,-1
won	1,13,2;2,8,0;14,0,8,13,-1;14,9,13,8,0;4,9,12,0,-1;4,12,16,-1,-1;4,16,2,-1,-1;4,8,27,-1,-1;14,4,27,13,-1;4,9,34,-1,-1;4,34,29,-1,-1;4,29,6,-1,-1;14,18,13,27,-1;4,2,20,-1,-1;4,13,22,-1,-1;4,20,24,-1,-1;4,6,25,-1,-1;14,32,13,8,-1
dong	2,44,0;6,36,8,0;4,44,45,0,-1;4,45,0,-2,-1;4,8,14,-2,-1;4,14,15,0,-1;4,15,18,-2,-1;4,15,20,-1,-1;4,14,22,-1,-1;4,0,24,-1,0;4,0,29,0,-1
peso	1,9,2;2,0,0;14,40,0,9,0;4,40,24,0,-1;14,44,24,9,-1;4,44,1,-1,-1;4,44,36,0,-1;4,36,4,-1,-1;14,28,9,24,-1;4,28,35,0,-1;4,35,5,-1,-1;4,28,8,-1,-1;4,28,14,-1,-1;4,35,15,-1,-1;4,36,19,-1,-1;4,44,20,-1,-1;4,9,32,0,-1
guarani	1,11,2;2,1,0;6,36,37,0;4,11,13,-2,-1;4,11,14,-1,-1;4,11,21,0,-1;4,1,31,0,-1;4,1,42,-1,-1;4,1,43,-2,-1
hryvnia	1,34,2;2,0,0;6,12,15,-1;4,12,8,-2,-1;4,15,19,-2,-1;4,34,25,0,-1;4,19,41,-1,-1;4,15,42,-1,-1;4,12,47,-1,-1;4,8,48,-1,-1;4,0,55,0,-1
cedi	1,20,2;2,10,0;4,10,3,0,-1;4,20,4,0,-1;4,20,23,-1,-1;4,4,34,-1,-1;4,3,35,-1,-1;4,10,42,-1,-1
rupeeindian	1,13,2;2,27,0;14,0,13,27,0;4,0,1,0,-1;4,13,20,-2,-1;4,20,21,0,-1;4,21,6,-1,-1;4,20,8,-1,-1;4,13,12,0,-1;4,13,15,0,-1;14,25,0,1,-1
liraturkish	1,9,2;2,0,0;14,15,0,9,-1;4,15,18,-1,-1;4,18,1,-1,-1;4,15,4,-1,-1;4,4,2,-1,-1;4,4,14,-1,-1;4,14,5,-1,-1;4,14,11,-1,-1;4,11,8,-1,-1;4,8,6,-1,-1;4,14,12,-1,-1;4,18,16,-1,-1;4,0,19,0,-1
tugrik	1,11,2;2,0,0;14,19,11,0,-1;4,19,22,-1,-1;4,22,1,-1,-1;4,19,4,-1,-1;4,4,2,-1,-1;4,19,18,-1,-1;4,18,5,-1,-1;4,18,15,-1,-1;4,15,8,-1,-1;4,8,6,-1,-1;4,11,13,0,-1;4,13,10,-1,-1;4,18,16,-1,-1;4,22,20,-1,-1
tenge	1,10,2;2,0,0;4,10,12,0,-1;4,12,4,-2,-1;4,4,6,0,-1;4,6,1,-1,-1
ruble	1,9,2;2,0,0;14,18,9,0,0;4,18,20,-2,-1;4,20,23,0,-1;4,23,1,-1,-1;4,20,4,-1,-1;4,18,5,-1,-1;4,18,25,0,-1;4,25,8,-1,-1;4,9,32,0,-1
franc	1,5,2;2,0,0;14,11,5,0,0;4,11,13,-2,-1;4,13,16,0,-1;4,16,1,-1,-1;4,13,4,-1,-1;4,5,7,0,-1;4,11,9,0,-1
plus	6,2,3,0;4,3,7,-1,-1;4,2,10,-1,-1
minus	6,0,1,0
multiply	6,10,6,-2;14,11,10,6,-1;4,11,2,-1,-1;4,11,8,-1,-1;4,8,5,-1,-1
divide	6,27,26,0;4,26,0,-2,-1;4,0,6,-2,-1;4,27,18,-2,-1;4,18,12,-2,-1
less	6,1,2,0;4,1,7,-1,0;4,7,0,0,-1;4,2,4,-1,0;4,4,3,0,-1;14,6,2,1,-1
greater	6,7,6,0;4,7,1,-1,0;4,1,0,0,-1;14,3,6,7,-1;4,6,4,-1,0;4,4,5,0,-1
lessequal	2,3,0;6,5,6,0;4,3,1,0,-1;14,11,6,5,-1;4,11,4,-1,-1;4,11,7,-1,-1;4,7,8,0,-1;4,4,13,0,-1
greaterequal	2,3,0;6,13,12,0;4,3,1,0,-1;14,7,12,13,-1;4,7,4,-1,-1;4,4,5,0,-1;4,7,11,-1,-1;4,11,10,0,-1
plusminus	2,15,0;6,1,4,0;4,15,13,0,-1;4,13,0,-2,-1;4,4,5,-2,-1;4,4,7,-1,-1;4,1,9,-1,-1
asciicircum	1,1,3;4,1,3,-2,-1;4,3,0,-1,-1;14,6,1,3,-1
notequal	6,14,8,0;4,14,15,-2,-1;4,15,18,0,-1;4,18,1,-1,-1;4,1,0,-2,-1;4,15,4,-1,-1;4,14,5,-1,-1;4,8,9,-2,-1;4,8,11,-1,-1
asciitilde	6,5,14,0;6,19,0,0;4,0,10,-1,-1;4,14,24,-1,-1
logicalnot	6,2,3,0;4,2,5,-2,-1
intersection	8,0,0;6,17,6,0;4,0,12,-1,-1
orthogonal	6,0,3,0
infinity	6,9,38,0;6,44,19,0;6,30,62,0;6,0,52,0;14,3,19,0,-1;14,25,30,9,-1;14,41,25,3,-1;14,65,3,25,-1
degree	6,0,16,0;6,24,8,0
mu.math	8,0,0;1,1,0;2,36,0;4,36,6,0,-1;4,1,11,-1,-1;14,30,36,11,-1;4,30,9,0,-1;4,36,27,-1,-1;4,27,20,0,-1;14,39,1,36,-1
partialdiff	1,25,3;2,0,0;14,8,25,0,0;14,11,8,0,-1;4,25,18,0,-1;4,0,35,0,-1;4,11,40,0,-1;4,8,43,0,-1
Delta.math	1,2,3;2,0,0;4,0,6,0,-1;4,6,1,-1,-1;4,6,4,-1,-1;14,10,2,0,-1
Omega.math	1,11,3;2,0,0;4,0,1,0,-1;4,1,23,-1,-1;4,0,24,-1,-1;4,23,26,-1,-1;4,11,36,0,-1;4,1,44,-1,-1
universal	1,3,3;2,2,0;14,13,3,2,-1;4,13,5,0,-1;4,3,7,-1,-1;14,9,2,3,-1
existential	1,9,3;2,0,0;4,0,2,0,-1;14,3,9,0,0;4,3,5,0,-1;4,9,7,0,-1
summation	1,4,2;6,13,12,0;4,12,1,-1,-1;4,4,6,0,-1;14,9,12,6,-1;4,9,2,-1,-1;4,6,3,-1,-1
product	8,0,1;1,1,2;4,0,3,-1,-1;4,1,5,0,-1
litre	1,14,4;2,0,0;14,36,14,0,-1;4,36,22,0,-1;4,22,3,-1,-1;4,36,10,-1,-1;4,0,28,0,-1;4,14,44,0,-1
estimated	1,10,3;2,0,0;6,17,33,0;4,0,26,0,-1;4,10,42,0,-1
checkedbox	1,22,3;1,21,3;2,19,0;4,19,13,0,-1;4,13,0,-2,-1;4,0,7,0,-1;4,7,4,-2,-1;4,22,11,0,-1;4,11,15,-1,-1;4,22,24,-2,-1
eighthnote	6,0,8,-1;6,12,33,-1;4,33,26,-2,-1
lock	8,0,0;6,8,39,0;6,33,27,-1;4,27,34,-2,-1;4,34,4,-1,-1;4,34,12,-1,-1;4,0,19,-2,-1
gravecmb	6,0,2,-1
gravecmb.cap	6,0,2,-1
variacmb	6,0,2,-1
acutecmb	6,0,2,-2
acutecmb.cap	6,0,2,-2
tonoscmb	6,0,2,-1
circumflexcmb	6,0,2,-1;4,0,5,-1,-1;14,7,2,0,-1
circumflexcmb.cap	6,0,2,-1;4,0,5,-1,-1;14,7,2,0,-1
tildecmb	6,0,19,-2;4,19,5,-1,-1;4,0,8,-1,-1;4,5,14,-1,-1;4,14,22,-1,-1
tildecmb.cap	6,0,17,-1;4,17,5,-1,-1;4,0,8,-1,-1;4,5,12,-2,-1;4,12,20,-1,-1
macroncmb	6,0,1,-1
macroncmb.cap	6,0,1,-1
brevecmb	6,0,11,-1;4,11,5,-2,-1;4,5,17,-1,-1
brevecmb.cyr	6,0,11,-1;4,11,5,-2,-1;4,5,17,-1,-1
brevecmb.cap	6,0,11,-2;4,11,6,-2,-1;4,6,16,-1,-1
brevecmb.cyrcap	6,0,9,-1;4,9,5,-2,-1;4,5,15,-1,-1
dotaccentcmb	6,0,6,-2
dotaccentcmb.cap	6,0,6,-2
dieresiscmb	6,6,0,-2;4,0,12,-1,-1;4,6,18,-1,-1
dieresiscmb.cap	6,0,5,-2;4,0,10,-1,-1;4,5,15,-1,-1
hoicmb	6,0,1,-1;4,1,7,-2,-1;4,7,8,-2,-1
hoicmb.cap	6,0,1,-1;4,1,7,-2,-1;4,7,8,-2,-1
candrabinducmb	6,0,11,-1;4,11,5,-2,-1;4,5,17,-1,-1;4,17,22,-1,-1;4,22,28,-2,-1
candrabinducmb.cap	6,0,11,-1;4,11,5,-2,-1;4,5,17,-1,-1;4,17,22,-1,-1;4,22,28,-2,-1
ringcmb	6,0,16,-1;4,16,24,-2,-1;4,24,8,-2,-1
ringcmb.cap	6,0,12,-1;4,12,18,-2,-1;4,18,6,-2,-1
hungarumlautcmb	6,2,0,-2;4,0,4,-1,-1;4,2,6,-1,-1
hungarumlautcmb.cap	6,0,2,-1;4,0,4,-1,-1;4,2,6,-1,-1
caroncmb	6,0,2,-1;14,3,2,0,-1;4,2,5,-1,-1
caroncmb.cap	6,0,2,-1;14,3,2,0,-1;4,2,5,-1,-1
caron.a	6,0,2,-1
dblgravecmb	6,0,2,-1;4,0,4,-1,-1;4,2,6,-1,-1
dblgravecmb.cap	6,0,2,-2;4,0,4,-1,-1;4,2,6,-1,-1
breveinvertedcmb	6,6,17,-1;4,17,1,-2,-1;4,1,11,-1,-1
breveinvertedcmb.cap	6,6,17,-1;4,17,1,-2,-1;4,1,11,-1,-1
commaturnedabovecmb	6,0,13,-1;4,13,6,-2,-1
aspercmb	6,0,17,-1;4,17,11,-2,-1;4,11,10,-2,-1
commaabovecmb	6,13,7,-1;4,7,0,-2,-1
horncmb	6,0,1,-1;4,1,8,-2,-1
cedillacmb	2,8,0;4,8,10,-2,-1;4,10,7,-2,-1;4,7,1,-2,-1;4,1,0,-2,-1
cedillacmb.cap	2,8,0;4,8,10,-2,-1;4,10,7,-2,-1;4,7,1,-2,-1;4,1,0,-2,-1
ogonekcmb	2,10,0;6,0,17,-1
ogonekcmb.cap	2,10,0;6,0,17,-1
tildeoverlaycmb	6,0,19,-1;4,19,5,-1,-1;4,0,8,-1,-1;4,5,14,-2,-1;4,14,22,-1,-1
macrondoublebelowcmb	6,0,1,0
breveinverteddoublecmb	6,11,4,0;4,11,0,-2,-1;4,0,8,-1,-1
dieresisacutecmb	6,0,5,-1;6,20,22,-1;4,0,10,-1,-1;4,5,15,-1,-1
dieresisacutecmb.cap	6,0,5,-1;6,20,22,-1;4,0,10,-1,-1;4,5,15,-1,-1
dieresistonoscmb	6,0,6,-1;6,15,13,-1;4,0,16,-1,-1;4,6,22,-1,-1
dieresisgravecmb	6,0,5,-1;6,20,22,-1;4,0,10,-1,-1;4,5,15,-1,-1
dieresisgravecmb.cap	6,0,5,-1;6,20,22,-1;4,0,10,-1,-1;4,5,15,-1,-1
dialytikagravecmb	6,0,6,-1;6,12,14,-1;4,0,16,-1,-1;4,6,22,-1,-1
dieresistildecmb	6,0,5,-1;4,0,10,-1,-1;4,5,15,-1,-1;4,5,28,-2,-1;4,28,25,-2,-1;4,25,39,-1,-1;4,39,20,-2,-1;4,25,34,-2,-1;4,34,41,-1,-1
dieresismacroncmb	6,0,5,-1;4,0,10,-1,-1;4,5,15,-1,-1;4,5,20,-2,-1;4,20,21,-2,-1
dieresismacroncmb.cap	6,0,5,-1;4,0,10,-1,-1;4,5,15,-1,-1;4,5,20,-2,-1;4,20,21,-2,-1
dieresiscaroncmb	6,0,5,-1;6,20,22,-1;4,0,10,-1,-1;4,5,15,-1,-1;14,23,22,20,-1;4,22,25,-1,-1
dieresiscaroncmb.cap	6,0,5,-1;6,20,22,-1;4,0,10,-1,-1;4,5,15,-1,-1;14,23,22,20,-1;4,22,25,-1,-1
circumflexacutecmb	6,0,3,-1;6,8,10,-1;4,0,5,-1,-1;14,6,3,5,-1
circumflexacutecmb.cap	6,0,3,-1;6,8,10,-1;4,0,5,-1,-1;14,6,3,5,-1
circumflexgravecmb	6,0,3,-1;6,8,10,-1;4,0,5,-1,-1;14,6,3,5,-1
circumflexgravecmb.cap	6,0,3,-1;6,8,10,-1;4,0,5,-1,-1;14,6,3,5,-1
circumflexhoicmb	6,0,3,-1;6,8,9,-1;4,0,5,-1,-1;14,6,3,5,-1;4,9,15,-2,-1;4,15,16,-2,-1
circumflexhoicmb.cap	6,0,3,-1;6,8,9,-1;4,0,5,-1,-1;14,6,3,5,-1;4,9,15,-2,-1;4,15,16,-2,-1
circumflextildecmb	6,0,3,-1;6,8,27,-1;4,0,5,-1,-1;14,7,3,5,-1;4,27,13,-1,-1;4,8,16,-1,-1;4,13,22,-2,-1;4,22,31,-1,-1
circumflextildecmb.cap	6,0,3,-1;6,8,27,-1;4,0,5,-1,-1;14,7,3,5,-1;4,27,13,-1,-1;4,8,16,-1,-1;4,13,22,-2,-1;4,22,30,-1,-1
breveacutecmb	6,0,11,-1;4,11,5,-2,-1;4,5,17,-1,-1;4,11,22,-2,-1;4,22,24,-2,-1
breveacutecmb.cap	6,0,11,-1;4,11,5,-2,-1;4,5,17,-1,-1;4,11,22,-2,-1;4,22,24,-2,-1
brevegravecmb	6,0,11,-1;4,11,5,-2,-1;4,5,17,-1,-1;4,11,22,-2,-1;4,22,24,-2,-1
brevegravecmb.cap	6,0,11,-1;4,11,5,-2,-1;4,5,17,-1,-1;4,11,22,-2,-1;4,22,24,-2,-1
brevehoicmb	6,0,11,-1;4,11,5,-2,-1;4,5,17,-1,-1;4,11,22,-2,-1;4,22,23,-2,-1;4,23,29,-2,-1;4,29,30,-2,-1
brevehoicmb.cap	6,0,11,-1;4,11,5,-2,-1;4,5,17,-1,-1;4,11,22,-2,-1;4,22,23,-2,-1;4,23,29,-2,-1;4,29,30,-2,-1
brevetildecmb	6,0,11,-1;6,22,41,-1;4,11,5,-2,-1;4,5,17,-1,-1;4,41,27,-1,-1;4,22,30,-1,-1;4,27,36,-2,-1;4,36,44,-1,-1
brevetildecmb.cap	6,0,9,-1;6,18,37,-1;4,9,5,-2,-1;4,5,13,-1,-1;4,37,23,-1,-1;4,18,26,-1,-1;4,23,32,-2,-1;4,32,40,-1,-1
circumflexbrevecmb	4,8,17,0,-1
circumflexbrevecmb.cap	6,6,3,0;4,3,8,-2,-1
macronacutecmb	6,0,1,-1;4,1,4,-2,-1;4,4,6,-2,-1
macronacutecmb.cap	6,0,1,-1;4,1,4,-2,-1;4,4,6,-2,-1
asperacutecmb	6,0,17,-1;4,17,11,-2,-1;4,11,10,-2,-1;4,10,19,-1,-1;4,0,21,-1,-1
aspergravecmb	6,0,17,-1;4,17,11,-2,-1;4,11,10,-2,-1;4,0,18,-1,-1;4,10,20,-1,-1
aspertildecmb	6,0,16,-1;6,36,27,-1;4,16,11,-2,-1;4,11,10,-2,-1;4,27,41,-1,-1;4,41,22,-2,-1;4,22,30,-1,-1;4,36,44,-1,-1
lenisacutecmb	6,0,1,-1;4,1,7,-2,-1;4,7,8,-2,-1;4,0,18,-1,-1;4,8,20,-1,-1
lenisgravecmb	6,0,1,-1;4,1,7,-2,-1;4,7,8,-2,-1;4,0,18,-1,-1;4,8,20,-1,-1
lenistildecmb	6,28,29,-1;6,0,19,-1;4,19,5,-1,-1;4,0,8,-1,-1;4,5,14,-2,-1;4,14,22,-1,-1;4,29,34,-2,-1;4,34,35,-2,-1
uphalfblock	8,3,0;8,2,0
dneighthblock	8,3,0;8,2,0
dnquarterblock	8,3,0;8,2,0
dnthreeeighthsblock	8,3,0;8,2,0
dnhalfblock	8,3,0;8,2,0
dnfiveeighthsblock	8,3,0;8,2,0
dnthreequartersblock	8,3,0;8,2,0
dnseveneighthsblock	8,3,0;8,2,0
fullblock	8,3,0;8,2,0
leftseveneighthsblock	8,3,0;8,2,0
leftthreequartersblock	8,3,0;8,2,0
leftfiveeighthsblock	8,3,0;8,2,0
lefthalfblock	8,3,0;8,2,0
leftthreeeighthsblock	8,3,0;8,2,0
leftquarterblock	8,3,0;8,2,0
lefteighthblock	8,3,0;8,2,0
righthalfblock	8,3,0;8,2,0
lightshade	8,501,0;8,3,0;4,3,15,-1,-1;4,15,27,-1,-1;4,501,489,-1,-1;4,489,477,-1,-1
mediumshade	8,501,0;8,3,0;4,3,15,-1,-1;4,15,27,-1,-1;4,501,489,-1,-1;4,489,477,-1,-1
darkshade	8,501,0;8,3,0;4,3,15,-1,-1;4,15,27,-1,-1;4,501,489,-1,-1;4,489,477,-1,-1
upeighthblock	8,3,0;8,2,0
righteighthblock	8,3,0;8,2,0
dnleftquadrant	8,3,0;8,2,0
dnrightquadrant	8,3,0;8,2,0
upleftquadrant	8,3,0;8,2,0
upleftdnleftdnrightquadrant	8,0,0;8,3,0;8,1,0
upleftdnrightquadrant	8,6,0;8,2,0;8,0,0;8,4,0
upleftuprightdnleftquadrant	8,0,0;8,2,0;8,4,0
upleftuprightdnrightquadrant	8,3,0;8,1,0;8,5,0
uprightquadrant	8,3,0;8,2,0
uprightdnleftquadrant	8,6,0;8,4,0;8,2,0;8,0,0
uprightdnleftdnrightquadrant	8,5,0;8,1,0;8,2,0
fi	1,4,0;1,8,4;2,0,0;4,4,1,0,-1;4,8,15,0,-1;4,4,20,-1,-1;4,1,21,-1,-1;4,20,26,-1,-1;4,0,27,-1,-1;4,26,28,-2,-1;4,28,34,-2,-1
fl	1,4,0;1,8,4;2,24,0;4,24,0,-1,0;4,4,1,0,-1;4,8,15,0,-1;4,4,20,-1,-1;4,1,21,-1,-1;4,8,32,-1,0;4,24,38,0,-1
uniE0A1	8,1,0;8,6,0;8,7,0;6,0,4,0;14,9,6,7,-1;4,7,12,-1,-1;4,6,15,-1,-1;14,17,7,6,-1
