#Glyph name	TT hints
.notdef	1,0,3;2,2,0;4,2,10,0,-1;4,10,12,-2,-1;4,0,18,0,-1;4,18,16,-2,-1
A	1,14,3;2,13,0;6,9,10,0;4,14,5,0,-1;4,13,17,-1,-1
B	1,0,3;2,15,0;14,34,15,0,0;4,34,24,0,-1;14,8,34,24,-1;4,0,23,0,-1;4,15,35,0,-1
C	1,5,3;2,29,0;4,5,12,0,-1;4,29,22,0,-1
D	1,0,3;2,12,0;4,0,24,0,-1;4,12,25,0,-1
E	1,0,3;2,11,0;4,0,3,0,-1;14,7,11,0,0;4,7,4,0,-1;4,11,8,0,-1
F	1,0,3;2,9,0;4,0,3,0,-1;14,7,9,0,0;4,7,4,0,-1
G	1,5,3;2,35,0;4,5,14,0,-1;4,35,24,0,-1;14,29,35,5,0;4,29,30,0,-1
H	1,0,3;2,11,0;14,9,11,0,0;4,9,2,0,-1;4,0,4,-1,-1;4,11,7,-1,-1
I	1,4,3;2,11,0;4,11,0,0,-1;4,4,3,0,-1;4,3,6,-1,-1;4,0,9,-1,-1
J	1,9,3;2,16,0;4,16,3,0,-1;4,9,7,0,-1
K	1,0,3;1,4,3;2,11,0;2,8,0;14,3,7,0,-1;14,9,7,0,-1;4,9,6,-1,-1;4,3,10,-1,-1
L	1,0,3;2,5,0;4,5,2,0,-1
M	1,0,3;2,25,0;6,4,16,0;4,0,6,-1,-1;4,25,9,-1,-1;4,0,20,0,-1;4,20,14,-1,-1
N	1,1,3;2,11,0;14,2,1,11,-1;4,11,4,0,-1;4,1,8,-1,-1;14,12,11,1,-1;4,1,13,0,-1;4,11,18,-1,-1
O	1,10,3;2,0,0;4,0,20,0,-1;4,10,30,0,-1
P	1,0,3;2,10,0;14,8,10,0,0;4,0,18,0,-1;4,8,19,0,-1
Q	1,38,3;2,28,0;6,23,51,0;4,28,5,0,-1;4,38,15,0,-1;4,28,48,-1,-1
R	1,14,3;2,13,0;4,14,7,0,-1;14,11,13,14,0;4,11,8,0,-1;4,13,9,-1,-1;4,11,23,-1,-1
S	1,24,3;2,50,0;4,50,3,0,-1;14,8,50,24,-1;4,24,31,0,-1;14,34,24,50,-1
T	1,2,3;2,7,0;4,2,1,0,-1;4,1,5,-1,-1
U	1,0,3;2,20,0;4,20,7,0,-1;4,0,13,-1,-1
V	1,0,3;2,17,0;4,17,7,0,-1;4,0,14,-1,-1
W	1,1,3;2,32,0;6,10,28,0;4,32,6,0,-1;4,6,15,-1,-1;4,1,20,-1,-1;4,32,23,-1,-1
X	1,2,3;2,24,0;14,0,24,2,-1;14,6,24,2,-1;4,2,11,-1,-1;14,13,24,2,-1;4,24,15,-1,-1;14,20,24,2,-1
Y	1,1,3;1,11,3;2,14,0;14,7,14,1,-1
Z	1,3,3;2,8,0;4,8,6,0,-1;4,6,0,-1,-1;4,3,1,0,-1;4,1,5,-1,-1
a	1,21,0;2,35,0;2,27,0;14,5,21,27,0;4,21,10,0,-1;4,35,45,0,-1;14,15,10,45,-1;14,29,27,21,-1;4,29,47,0,-1;4,5,48,0,-1
b	1,6,0;1,0,4;2,14,0;2,20,0;14,3,6,14,-1;14,18,14,6,-1;4,18,21,0,-1;4,14,24,0,-1;4,6,34,0,-1;4,3,37,0,-1
c	1,5,0;2,31,0;4,5,14,0,-1;4,31,24,0,-1
d	1,5,0;1,10,4;2,18,0;2,12,0;14,8,5,18,-1;14,14,18,5,-1;4,18,28,0,-1;4,14,31,0,-1;4,8,32,0,-1;4,5,35,0,-1
e	1,5,0;2,28,0;6,13,41,0;4,28,19,0,-1;4,5,36,0,-1
f	1,24,4;1,20,0;2,16,0;4,24,5,0,-1;4,20,11,-1,-1;4,20,17,0,-1;4,17,14,-1,-1
g	1,37,0;1,40,0;1,39,0;2,68,1;2,12,0;4,68,3,0,-1;4,12,15,-1,-1;4,15,21,-1,-1;4,12,59,0,-1;4,59,50,-2,-1;4,50,71,0,-1;14,53,71,50,-1;4,53,28,-1,-1;4,40,41,0,-1;4,39,42,0,-1;4,37,81,0,-1
h	1,0,4;1,6,0;2,22,0;2,11,0;14,3,6,11,-1;4,6,15,0,-1;4,3,20,0,-1
i	1,0,0;2,2,0;4,0,4,0,-1;4,0,6,-2,-1;4,6,12,-2,-1
j	1,0,0;2,7,1;4,7,14,0,-1;4,0,20,0,-1;4,0,22,-2,-1;4,22,28,-2,-1
k	1,4,0;1,0,4;2,12,0;2,8,0;14,2,0,12,-1;14,9,0,8,-1;4,9,6,-1,-1;4,2,10,0,-1
l	1,0,4;2,11,0;4,11,4,0,-1;4,0,16,0,-1
m	1,6,0;1,12,0;1,0,0;2,33,0;2,25,0;2,17,0;14,2,33,0,-1;4,2,9,-1,-1;4,12,20,0,-1;4,9,23,0,-1;4,6,28,0,-1;4,2,31,0,-1
n	1,8,0;1,0,0;2,24,0;2,13,0;14,2,8,24,-1;4,8,17,0,-1;4,2,22,0,-1
o	1,5,0;2,15,0;4,15,25,0,-1;4,5,35,0,-1
p	1,9,0;1,3,0;2,17,0;2,2,1;14,5,9,17,-1;14,20,17,9,-1;4,20,21,0,-1;4,17,24,0,-1;4,9,34,0,-1;4,5,37,0,-1
q	1,5,0;1,11,0;2,18,0;2,13,1;14,8,5,18,-1;14,15,18,5,-1;4,18,28,0,-1;4,15,31,0,-1;4,8,32,0,-1;4,5,35,0,-1
r	1,0,0;1,6,0;2,17,0;14,2,17,0,-1;4,6,13,0,-1;4,2,16,0,-1
s	1,23,0;2,48,0;4,48,3,0,-1;14,8,48,23,-1;4,23,30,0,-1;14,35,23,48,-1
t	8,5,0;1,3,0;2,22,0;4,3,1,0,-1;4,3,7,-1,-1;4,1,8,-1,-1;4,22,15,0,-1
u	1,10,0;1,21,0;2,6,0;2,0,0;14,2,6,21,-1;4,6,15,0,-1;4,2,20,0,-1
v	1,0,0;1,10,0;2,13,0;4,13,5,0,-1
w	1,0,0;1,10,0;1,20,0;2,33,0;2,23,0;14,6,0,33,-1;4,6,15,-1,-1;14,28,0,23,-1
x	1,1,0;1,11,0;2,25,0;2,15,0;14,19,1,25,-1;4,19,0,-1,-1;4,19,13,-1,-1;4,13,7,-1,-1
y	1,10,0;1,20,0;2,27,1;2,9,0;4,27,3,0,-1;14,16,10,9,-1
z	1,3,0;2,8,0;4,8,6,0,-1;4,6,0,-1,-1;4,3,1,0,-1;4,1,5,-1,-1
Aogonek	1,25,3;2,19,0;2,23,0;2,27,0;6,13,33,0;6,21,0,0;4,25,4,0,-1
AE	1,14,3;2,8,0;2,12,0;6,10,0,0;6,20,19,0;4,14,1,0,-1;4,8,7,0,-1;4,1,17,-1,-1
Bstroke	1,37,3;2,30,0;4,30,0,0,-1;4,0,13,-1,-1;4,13,10,-1,-1;4,10,9,-1,-1;4,9,15,-1,-1;4,37,22,0,-1;14,24,15,9,-1;4,13,33,-1,-1;4,10,35,-1,-1;4,35,34,-1,-1
Eogonek	1,0,3;2,10,0;2,32,0;6,26,19,0;6,6,5,0;4,0,2,0,-1;4,32,8,0,-1
Hbar	1,16,3;1,20,3;2,7,0;2,10,0;4,20,19,-2,-1;4,19,0,0,-1;4,0,3,-2,-1;4,0,5,-1,-1;4,3,8,0,-1;4,0,12,-1,-1;4,19,15,-1,-1;4,19,22,-1,-1
Iogonek	1,4,3;2,10,0;2,30,0;6,24,17,0;4,30,0,0,-1;4,4,2,0,-1;4,2,6,-1,-1;4,0,8,-1,-1
Lslash	1,7,3;2,1,0;4,1,0,0,-1;14,3,1,7,-1;4,3,6,-1,-1;4,3,12,-1,-1;4,12,9,-1,-1
Oslash	1,45,3;2,31,0;14,22,31,45,-1;4,22,0,-1,-1;4,31,3,0,-1;14,11,31,45,-1;4,11,12,-1,-1;4,45,14,0,-1;4,11,23,-1,-1;4,0,34,-1,-1;4,22,37,-1,-1;4,12,47,-1,-1
OE	1,5,3;2,15,0;6,11,10,0;4,5,8,0,-1;4,15,13,0,-1;4,13,26,-1,-1;4,8,28,-1,-1
Ohorn	1,43,3;2,33,0;4,33,0,0,-1;4,43,10,0,-1;14,25,33,43,-1;4,25,45,-1,-1
Oogonek	1,19,3;2,9,0;6,3,33,0;4,9,27,-1,-1;4,9,37,0,-1;4,19,47,0,-1
Germandbls	1,5,3;2,43,0;2,19,0;6,34,35,0;14,9,35,34,-1;4,19,26,0,-1;4,5,39,0,-1;14,29,39,19,-1
Uogonek	1,0,3;1,13,3;2,41,0;6,33,26,0;4,41,7,0,-1;4,41,20,-1,-1
Uhorn	1,19,3;1,32,3;2,13,0;4,32,7,0,-1;4,13,26,0,-1
Thorn	1,0,3;2,11,0;6,9,13,0;6,19,3,0
aogonek	1,21,0;2,53,0;2,27,0;2,40,1;14,5,21,53,0;4,21,10,0,-1;4,40,33,0,-1;4,27,46,-1,-1;4,53,63,0,-1;4,5,66,0,-1
ae	1,17,0;1,23,0;2,44,0;2,50,0;6,31,53,0;14,3,17,50,0;4,17,8,0,-1;14,20,44,17,-1;4,44,37,0,-1;14,47,44,17,-1;4,23,58,0,-1;4,50,65,0,-1;4,3,72,0,-1
bstroke	1,20,0;1,41,4;2,36,0;2,30,0;6,40,37,0;14,33,30,20,-1;4,33,0,0,-1;4,30,3,0,-1;4,20,13,0,-1;14,17,20,30,-1;4,17,16,0,-1;4,40,39,-1,-1;4,40,44,-1,-1;4,37,45,-1,-1
dcroat	8,36,0;1,46,4;2,26,0;2,20,0;6,41,44,0;14,39,36,26,-1;4,39,0,0,-1;4,36,3,0,-1;4,26,13,0,-1;14,22,26,36,-1;4,22,16,0,-1;4,44,17,-1,-1;4,41,18,-1,-1
eogonek	1,36,0;2,26,0;2,15,1;6,44,62,0;4,15,8,0,-1;4,26,50,0,-1;4,36,57,0,-1
hbar	1,3,0;1,24,4;2,19,0;2,8,0;6,23,20,0;14,0,3,19,-1;4,3,12,0,-1;4,0,17,0,-1;4,23,22,-1,-1;4,23,27,-1,-1;4,20,28,-1,-1
iogonek	1,2,0;2,4,0;2,23,0;2,17,1;4,2,0,0,-1;4,17,10,0,-1;4,2,25,-2,-1;4,25,31,-2,-1
kgreenlandic	1,0,0;1,4,0;2,7,0;2,11,0;14,2,11,0,-1;14,9,11,0,-1;4,9,6,-1,-1;4,2,10,0,-1
lslash	1,13,4;2,3,0;14,7,3,13,-1;4,7,10,-1,-1;4,13,11,0,-1;4,7,18,-1,-1;4,18,15,-1,-1;4,3,21,0,-1
napostrophe	1,21,0;1,38,0;2,37,0;2,26,0;6,5,11,-1;4,21,30,0,-1;14,40,21,37,-1;4,40,35,0,-1
oslash	1,44,0;2,31,0;14,22,31,44,-1;4,22,0,-1,-1;4,31,2,0,-1;14,10,44,31,-1;4,10,11,-1,-1;4,44,14,0,-1;4,10,23,-1,-1;4,0,33,-1,-1;4,22,36,-1,-1;4,11,47,-1,-1
oe	1,25,0;1,31,0;2,52,0;2,58,0;6,39,63,0;4,58,5,0,-1;4,25,15,0,-1;14,28,52,25,-1;4,52,45,0,-1;14,55,52,25,-1;4,31,68,0,-1
ohorn	1,43,0;2,33,0;4,33,0,0,-1;4,43,10,0,-1;14,25,33,43,-1;4,25,45,-1,-1
oogonek	1,15,0;2,5,0;2,38,1;4,5,25,-1,-1;4,38,31,0,-1;4,5,46,0,-1;4,15,56,0,-1
germandbls	1,5,4;2,59,0;2,27,0;4,27,34,0,-1;14,15,5,34,-1;4,5,54,0,-1;14,39,27,54,-1
uogonek	1,28,0;1,39,0;2,24,0;2,13,1;2,0,0;4,13,6,0,-1;4,0,19,-1,-1;14,21,28,24,-1;4,24,33,0,-1;4,21,38,0,-1
uhorn	1,18,0;1,29,0;2,8,0;2,14,0;14,10,14,29,-1;4,14,23,0,-1;4,10,28,0,-1
eth	1,52,4;2,29,0;6,11,39,0;4,29,0,0,-1;14,42,52,29,-1;4,42,8,0,-1;14,21,52,29,-1;4,21,45,-1,-1;4,21,55,-1,-1;4,55,48,-1,-1
thorn	1,2,4;1,8,0;2,1,1;2,16,0;14,5,8,16,-1;14,19,16,8,-1;4,19,21,0,-1;4,16,24,0,-1;4,8,34,0,-1;4,5,37,0,-1
aturned	1,35,0;1,27,0;2,21,0;14,5,35,21,0;4,21,10,0,-1;14,29,35,21,-1;4,35,45,0,-1;4,29,47,0,-1;4,5,48,0,-1
ascript	1,27,0;1,22,0;2,29,0;2,35,0;4,35,5,0,-1;14,31,35,22,-1;4,31,8,0,-1;14,26,35,22,-1;4,26,9,0,-1;4,22,12,0,-1
alphalatinturned	1,29,0;1,37,0;2,28,0;2,22,0;4,37,5,0,-1;14,31,37,22,-1;4,31,8,0,-1;14,26,22,37,-1;4,26,9,0,-1;4,22,12,0,-1
oopen	1,31,0;2,5,0;4,5,12,0,-1;4,31,22,0,-1
ereversed	1,26,0;2,5,0;6,18,31,0;4,5,12,0,-1;4,26,34,0,-1
schwa	1,16,0;2,26,0;6,3,39,0;4,16,9,0,-1;4,26,36,0,-1
gscript	1,25,0;1,20,0;2,30,1;2,10,0;4,30,3,0,-1;14,7,30,20,-1;14,24,30,20,-1;4,10,34,0,-1;4,7,37,0,-1;4,24,38,0,-1;4,20,41,0,-1
hturned	1,10,0;1,21,0;2,0,1;2,6,0;14,3,10,6,-1;4,6,15,0,-1;4,3,20,0,-1
mturned	1,16,0;1,24,0;1,32,0;2,0,0;2,12,0;2,6,0;14,2,24,0,-1;14,9,16,12,-1;4,12,20,0,-1;4,9,23,0,-1;4,6,28,0,-1;4,2,31,0,-1
rturned	1,19,0;2,6,0;2,0,0;14,3,6,19,-1;4,6,15,0,-1;4,3,18,0,-1
tturned	1,22,0;2,7,0;4,7,8,0,-1;4,8,0,-1,-1;4,7,3,-1,-1;4,22,15,0,-1
vturned	1,12,0;2,0,0;2,10,0;14,6,12,0,-1
wturned	8,11,0;1,22,0;1,32,0;2,21,0;2,1,0;14,6,32,1,-1;14,16,22,21,-1;14,27,22,1,-1
yturned	1,27,4;2,21,0;2,10,0;4,27,3,0,-1;14,16,10,27,-1;4,16,9,-1,-1
kturned	1,7,0;1,11,0;2,0,1;2,4,0;14,2,7,0,-1;14,9,7,0,-1;4,9,6,-1,-1
fi	1,3,4;1,13,0;1,23,0;2,17,0;2,25,0;4,3,9,0,-1;4,13,16,0,-1;4,16,19,-1,-1;4,13,22,-1,-1;4,23,33,-2,-1;4,33,27,-2,-1
fl	1,30,4;1,3,4;1,13,0;2,17,0;2,26,0;4,3,9,0,-1;4,13,16,0,-1;4,16,19,-1,-1;4,13,22,-1,-1;4,26,34,0,-1
aogonek.alt	1,22,0;1,28,0;2,53,0;2,42,1;2,29,0;4,53,5,0,-1;14,50,53,22,-1;4,50,8,0,-1;14,25,22,53,-1;4,25,9,0,-1;4,22,12,0,-1;4,42,35,0,-1;4,29,48,-1,-1
ampersand	1,58,3;2,40,0;2,34,0;4,40,3,0,-1;14,6,40,58,-1;14,19,58,40,-1;4,19,50,-1,-1;4,50,11,-1,-1;4,58,29,0,-1;4,6,37,-1,-1;4,19,66,0,-1;4,37,76,-1,-1;4,76,69,-1,-1;4,34,78,-1,-1
zero	1,6,2;2,0,0;4,6,12,0,-1;4,0,18,0,-1;14,24,18,12,0;4,24,30,-2,-1
one	1,10,2;2,2,0;4,2,3,0,-1;4,3,0,-1,-1;4,10,5,-1,-1;4,5,7,0,-1
two	1,17,2;2,30,0;4,30,28,0,-1;4,28,0,-1,-1;14,5,17,30,-1;4,17,10,0,-1
three	1,31,2;2,52,0;4,52,5,0,-1;14,13,31,52,0;4,13,14,0,-1;4,31,24,0,-1;14,42,13,14,-1
four	1,17,2;2,13,0;6,0,14,0;4,17,4,0,-1;4,0,9,-1,-1;4,14,11,-1,-1;4,9,16,-1,-1;4,0,19,-1,-1
five	1,20,2;2,37,0;6,13,27,0;4,37,5,0,-1;14,24,37,20,-1;4,24,19,-1,-1;4,20,22,0,-1
six	1,42,2;2,34,0;6,26,8,0;4,34,0,0,-1;14,23,34,42,-1;4,23,11,0,-1;4,42,18,0,-1
seven	1,7,2;2,0,0;4,7,5,0,-1;4,5,9,-1,-1
eight	1,51,2;2,70,0;4,70,5,0,-1;4,51,27,0,-1;14,15,5,27,0;4,15,59,-1,0;4,59,20,-2,-1;4,15,42,-2,-1
nine	1,34,2;2,42,0;6,26,0,0;14,23,42,34,-1;4,23,3,0,-1;4,34,8,0,-1;4,42,18,0,-1
zero.onum	1,6,1;2,0,0;4,6,12,0,-1;4,0,18,0,-1;14,24,18,12,0;4,24,30,-2,-1
one.onum	1,10,1;2,1,0;4,1,0,0,-1;4,0,3,-1,-1;4,10,5,-1,-1;4,5,7,0,-1
two.onum	1,15,1;2,28,0;4,28,23,0,-1;4,23,0,-1,-1;4,15,8,0,-1;4,23,26,-1,-1
three.onum	1,31,1;6,52,5,0;6,13,14,0;4,31,24,0,-1;14,42,13,14,-1
four.onum	8,13,0;1,17,1;6,10,20,0;4,20,0,-1,-1;14,4,17,13,-1;4,10,14,-1,-1
five.onum	1,20,1;6,37,5,0;6,13,27,0;14,24,37,20,-1;4,24,19,-1,-1;4,20,22,0,-1
seven.onum	1,7,1;4,7,5,0,-1;4,5,9,-1,-1
nine.onum	1,34,1;6,42,18,0;6,26,0,0;14,23,42,34,-1;4,23,3,0,-1;4,34,8,0,-1
period	2,9,0;4,9,3,-2,-1
comma	6,5,11,-2
exclam	1,1,3;2,15,0;4,15,9,-2,-1;4,9,5,-2,-1
exclamdown	1,15,0;4,15,9,-2,-1;4,9,4,-2,-1
question	2,41,0;6,12,19,0;4,41,35,-2,-1;4,35,0,-2,-1
questiondown	1,41,0;6,19,12,0;4,41,35,-2,-1;4,35,31,-2,-1
quoteleft	6,11,5,-1
quoteright	6,11,5,-1
underscore	6,1,0,0
parenleft	6,0,6,-2
parenright	6,13,7,-2
bracketleft	6,6,5,0;6,2,1,0
bracketright	6,5,0,0;6,1,4,0
braceleft	6,52,51,0;6,24,23,0;6,8,9,0;14,37,8,9,-1
braceright	6,55,0,0;6,25,28,0;6,42,41,0;14,14,42,41,-1
slash	1,2,4;4,2,0,-2,-1
bar	6,2,1,-2
backslash	1,0,4;4,0,2,-2,-1
brokenbar	6,5,1,-2;6,7,3,-2
asterisk	8,14,0;14,1,14,5,-1;4,1,4,0,-1;4,4,7,-1,-1;4,1,10,-1,-1;4,14,12,-1,-1
dagger	6,0,3,0;4,0,9,-1,-1;4,9,8,-1,-1;4,8,1,-1,-1;4,3,6,-1,-1;4,6,7,-1,-1;4,7,2,-1,-1
daggerdbl	6,3,6,0;6,20,1,0;4,1,14,-1,-1;4,14,15,-1,-1;4,15,0,-1,-1;4,3,12,-1,-1;4,12,11,-1,-1;4,11,4,-1,-1;4,6,9,-1,-1;4,9,10,-1,-1;4,10,5,-1,-1;4,20,17,-1,-1;4,17,16,-1,-1;4,16,21,-1,-1
section	6,48,55,0;6,23,78,0;14,58,48,23,-1;14,28,78,55,-1;14,40,58,28,-1;4,40,0,-1,-1;14,70,28,58,-1;4,70,10,-1,-1
copyright	1,5,2;2,15,0;4,15,25,0,-1;4,5,35,0,-1;4,35,45,-1,-1;4,45,52,0,-1;4,25,65,-1,-1;4,65,58,0,-1
soundcopyright	1,25,2;2,35,0;6,7,11,0;4,25,55,0,-1;4,55,1,-1,-1;4,35,45,0,-1;4,45,9,-1,-1;4,1,17,0,-1
registered	6,0,20,0;6,30,10,0;6,52,56,0;4,30,41,-1,-1;4,52,49,-1,-1;4,20,54,-1,-1;4,54,51,-1,-1
trademark	8,26,0;6,21,22,0;6,13,4,0;4,22,0,-1,-1;4,22,6,-1,-1;4,6,1,-1,-1;4,26,19,-1,-1;4,19,9,-1,-1;4,6,12,0,-1;4,12,15,-1,-1;4,21,24,-1,-1
servicemark	8,0,0;6,29,22,0;6,55,46,0;4,0,7,0,-1;4,22,42,-1,0;4,22,48,-1,0;4,48,43,-1,-1;4,0,61,-1,-1;4,61,51,-1,-1;4,48,54,0,-1;4,54,57,-1,-1
at	6,38,32,0;6,22,48,0;6,8,57,0;6,16,61,0;14,2,8,48,-1;4,2,60,0,-1
at.case	1,48,3;2,38,0;6,8,57,0;6,61,16,0;14,2,8,48,-1;4,48,22,0,-1;4,38,32,0,-1;4,2,60,0,-1
numbersign	1,8,2;1,12,2;2,27,0;2,23,0;6,1,2,0;6,5,6,0;4,6,10,-1,-1;4,10,14,-1,-1;4,5,30,-1,-1;4,30,17,-1,-1;4,2,31,-1,-1;4,31,18,-1,-1;4,1,25,-1,-1;4,25,21,-1,-1
one.dnom	2,8,0;6,0,5,0
two.dnom	2,25,0;6,8,15,0;4,25,23,0,-1;4,23,0,-1,-1
four.dnom	2,9,0;6,6,16,0;6,13,2,0;4,16,0,-1,-1;4,6,10,-1,-1
five.dnom	2,26,0;6,16,15,0;6,9,20,0;4,26,3,0,-1;14,18,9,20,-1;4,18,13,-1,-1
six.dnom	2,29,0;6,15,39,0;6,6,23,0;4,29,0,0,-1;14,20,29,39,-1;4,20,9,0,-1
seven.dnom	2,0,0;6,5,8,0;4,5,9,-1,-1
eight.dnom	2,55,0;6,22,42,0;4,55,3,0,-1;14,8,55,22,-1;14,25,42,3,-1
nine.dnom	2,39,0;6,9,29,0;6,23,3,0;14,20,29,39,-1;4,20,6,0,-1;4,39,15,0,-1
a.sups	8,20,0;6,25,33,0;6,8,15,0;6,37,3,0;14,21,15,25,-1;4,21,36,0,-1
b.sups	8,19,0;1,1,4;6,14,24,0;6,30,6,0;14,3,6,14,-1;14,17,14,6,-1;4,17,21,0,-1;4,3,32,0,-1
d.sups	8,13,0;1,10,4;6,18,24,0;6,31,5,0;14,8,5,18,-1;14,14,18,5,-1;4,14,27,0,-1;4,8,28,0,-1
e.sups	6,24,17,0;6,32,5,0;6,29,11,0
f.sups	8,11,0;1,7,1;6,3,20,0;4,7,9,0,-1;4,9,13,-1,-1;4,7,16,-1,-1
g.sups	1,38,1;6,64,3,0;6,73,36,0;6,11,56,0;6,47,67,0;14,22,11,56,-1;4,22,15,-1,-1;4,47,49,-1,-1;4,49,28,-1,-1;4,38,41,0,-1
h.sups	8,19,0;8,10,0;1,0,4;6,14,6,0;14,3,6,19,-1;4,3,17,0,-1
i.sups	8,3,0;1,0,1;4,0,4,0,-1;4,0,6,-2,-1;4,6,12,-2,-1
j.sups	1,0,1;6,5,12,0;4,0,16,0,-1;4,0,18,-2,-1;4,18,24,-2,-1
k.sups	8,8,0;8,11,0;1,0,4;1,4,1;14,10,11,0,-1;4,10,2,0,-1;14,9,8,4,-1;4,9,6,-1,-1
l.sups	1,0,4;6,11,4,0;4,0,16,0,-1
m.sups	8,32,0;8,24,0;8,16,0;1,1,1;6,19,11,0;6,6,27,0;14,2,32,1,-1;4,2,8,-1,-1;4,2,30,0,-1;4,30,22,-1,-1
n.sups	8,19,0;8,10,0;1,1,1;6,14,6,0;14,2,19,1,-1;4,2,17,0,-1
p.sups	8,1,0;1,4,1;6,29,9,0;6,17,23,0;14,5,9,17,-1;14,19,17,9,-1;4,19,20,0,-1;4,5,32,0,-1
q.sups	8,13,0;1,10,1;6,31,5,0;6,18,24,0;14,9,5,18,-1;14,15,18,31,-1;4,15,27,0,-1;4,9,28,0,-1
r.sups	8,17,0;1,1,1;6,13,6,0;14,2,17,1,-1;4,2,16,0,-1
s.sups	6,42,3,0;6,26,19,0;14,6,42,26,-1;14,29,19,3,-1
t.sups	1,6,1;1,5,3;6,22,15,0;4,6,0,0,-1;4,6,3,-1,-1;4,0,9,-1,-1
u.sups	1,10,1;1,19,1;6,6,14,0;14,2,6,19,-1;4,2,17,-1,-1
v.sups	8,12,0;1,10,1;1,1,1;4,12,6,0,-1
w.sups	8,23,0;1,0,1;1,10,1;1,20,1;4,23,15,0,-1;4,15,6,-1,-1;4,10,28,0,-1;4,23,32,-1,-1
x.sups	8,15,0;8,24,0;1,1,1;1,11,1;14,19,15,11,-1;4,19,0,-1,-1;4,19,13,-1,-1;4,13,6,-1,-1
y.sups	1,18,1;1,9,1;6,25,3,0;14,14,25,18,-1;4,14,7,-1,-1
z.sups	8,9,0;1,3,1;4,9,6,0,-1;4,6,0,-1,-1;4,3,1,0,-1;4,1,5,-1,-1
egrave.sups	1,36,4;6,24,17,0;6,32,5,0;6,29,11,0;4,36,38,-2,-1
eacute.sups	1,38,4;6,24,17,0;6,32,5,0;6,29,11,0;4,38,36,-2,-1
schwa.sups	6,20,26,0;6,7,14,0;6,3,23,0
a.supa	8,28,0;1,25,1;6,33,3,0;6,10,20,0;14,29,33,20,-1;4,29,6,0,-1;14,24,20,33,-1;4,24,7,0,-1
g.supa	1,23,1;6,28,3,0;6,39,18,0;6,10,32,0;14,7,10,18,-1;14,22,18,10,-1;4,7,35,0,-1;4,22,36,0,-1
degree	6,26,10,0;6,0,20,0
dollar	8,22,0;8,48,0;4,48,47,-2,-1;4,47,5,0,-1;4,22,23,-2,-1;14,8,23,47,-1;4,23,20,-1,-1;4,23,32,0,-1;14,35,47,23,-1;4,47,50,-1,-1
sterling	1,18,2;2,1,0;6,12,9,0;4,1,0,0,-1;4,0,3,-1,-1;4,18,25,0,-1;4,12,33,-1,-1;4,9,36,-1,-1
yen	1,0,2;1,9,2;2,19,0;14,5,19,9,-1;4,5,11,-1,-1;4,11,14,0,-1;4,14,25,-1,-1;4,25,24,-2,-1;4,24,15,-1,-1;4,15,18,0,-1;4,18,21,-1,-1;4,11,28,-1,-1
Euro	1,25,2;2,3,0;6,38,44,-2;4,44,47,0,-1;4,47,8,-1,-1;4,44,11,-1,-1;4,38,17,-1,-1;4,38,35,0,-1;4,35,20,-1,-1;4,25,32,0,-1;4,3,52,0,-1
cent	1,28,2;6,14,38,0;6,37,30,0;4,37,0,-1,0;4,38,10,-1,0;4,14,17,-1,0;4,17,16,-2,-1;4,30,27,-1,0
florin	1,39,3;6,16,23,0;6,11,10,0;4,39,3,0,-1;4,11,29,-1,-1;4,10,33,-1,-1
colonmonetary	1,40,2;2,23,0;4,23,26,-1,-1;4,26,0,0,-1;4,23,2,0,-1;4,40,9,0,-1;4,9,3,-1,-1;4,9,10,-1,-1;4,0,16,-1,-1;4,23,20,-1,-1;4,23,22,-2,-1;4,22,27,-1,-1;4,26,29,-1,-1;4,40,37,-1,-1;4,40,39,-2,-1;4,3,46,0,-1;4,39,47,-1,-1;4,46,49,-1,-1;4,3,56,-1,-1;4,2,57,-1,0
lira	1,25,2;2,1,0;6,19,16,0;4,1,0,0,-1;4,0,3,-1,-1;4,16,13,0,-1;4,13,9,0,-1;4,13,11,-1,-1;4,19,18,-1,-1;4,25,32,0,-1;4,19,41,-1,-1;4,16,42,-1,-1;4,13,47,-1,-1;4,9,48,-1,-1
peseta	1,27,2;2,20,0;6,7,4,0;6,5,19,0;4,27,11,0,-1;4,4,13,-1,-1;4,4,23,-1,-1;4,7,24,-1,-1;4,7,32,-1,-1
dong	2,2,0;6,9,38,0;4,2,0,0,-1;4,0,30,0,-1;4,30,17,0,-1;4,38,23,-2,-1;4,23,43,-1,-1;4,23,49,0,-1;4,49,45,-1,-1;4,49,48,-2,-1
peso	1,44,2;2,34,0;6,32,8,0;4,44,14,0,-1;4,14,18,-1,-1;4,18,5,0,-1;4,5,0,-2,-1;4,0,11,0,-1;4,5,21,-1,-1;4,0,26,-1,-1;4,11,28,-1,-1;4,11,36,-1,-1;4,0,39,-1,-1;4,5,40,-1,-1;4,18,43,-1,-1;4,18,48,-1,-1
guarani	1,15,2;1,18,2;2,2,0;2,5,0;6,39,42,0;4,2,3,-2,-1;4,18,17,-2,-1;4,18,25,0,-1;4,5,35,0,-1
cedi	1,27,2;1,30,2;2,14,0;2,17,0;4,27,0,0,-1;4,17,10,0,-1;4,17,16,-2,-1;4,30,29,-2,-1;4,0,37,-1,-1;4,10,38,-1,-1
rupeeindian	1,28,2;1,29,2;2,11,0;4,29,1,0,-1;4,1,26,-1,-1;4,26,23,-1,-1;4,23,4,-1,-1;4,23,19,0,-1;4,19,7,-1,-1;4,19,16,-1,-1;4,16,13,0,-1;4,13,10,-1,0
liraturkish	1,26,2;2,17,0;4,17,0,0,-1;14,32,17,26,-1;4,32,35,-1,-1;4,35,18,-1,-1;4,32,21,-1,-1;4,21,31,-1,-1;4,31,22,-1,-1;4,31,28,-1,-1;4,28,25,-1,-1
plus	6,1,2,0;4,2,6,-1,-1;4,1,9,-1,-1
multiply	6,9,5,-2;14,10,9,5,-1;4,10,1,-1,-1;4,10,7,-1,-1;4,7,4,-1,-1
divide	6,26,25,0;4,25,0,-2,-1;4,0,6,-2,-1;4,26,15,-2,-1;4,15,21,-2,-1
less	6,7,0,0;4,0,2,-1,0;4,2,1,0,-1;14,4,0,7,-1;4,7,5,-1,0;4,5,6,0,-1
greater	6,0,7,0;4,0,2,-1,0;4,2,1,0,-1;14,4,7,0,-1;4,7,5,-1,0;4,5,6,0,-1
lessequal	2,2,0;6,13,4,0;4,2,0,0,-1;14,9,4,13,-1;4,9,5,-1,-1;4,5,6,0,-1;4,9,12,-1,-1;4,12,11,0,-1
greaterequal	2,2,0;6,4,13,0;4,2,0,0,-1;14,8,13,4,-1;4,8,5,-1,-1;4,5,6,0,-1;4,8,12,-1,-1;4,12,11,0,-1
plusminus	2,14,0;6,0,3,0;4,3,4,-2,-1;4,3,6,-1,-1;4,0,8,-1,-1;4,14,12,0,-1;4,12,11,-2,-1
asciicircum	1,0,3;4,0,2,-2,-1;14,5,0,2,-1;4,2,9,-1,-1
notequal	6,13,7,0;4,13,14,-2,-1;4,14,17,0,-1;4,17,0,-1,-1;4,14,3,-1,-1;4,13,4,-1,-1;4,7,8,-2,-1;4,7,10,-1,-1;4,0,19,-2,-1
asciitilde	6,22,3,0;6,8,17,0;4,3,13,-1,-1;4,17,27,-1,-1
pi	1,16,0;2,33,0;2,10,0;4,16,13,0,-1;4,13,5,-1,-1;4,5,18,-1,-1;4,33,26,0,-1
infinity	1,21,0;6,31,45,0;6,0,56,0;6,62,10,0;14,34,31,21,-1;4,34,40,-1,-1;4,40,15,-1,-1;4,21,53,0,-1;4,34,59,-1,-1
mu.math	8,43,0;1,0,0;1,11,0;2,32,0;2,25,0;4,32,5,0,-1;14,29,11,32,-1;4,29,10,0,-1;4,25,18,0,-1
partialdiff	1,21,3;2,31,0;6,8,41,0;4,31,0,0,-1;14,44,31,41,-1;4,44,5,0,-1;4,21,52,0,-1
Delta.math	1,1,3;2,4,0;4,4,6,0,-1;4,6,11,-1,-1;4,11,0,-1,-1;4,6,3,-1,-1;4,1,8,0,-1
Omega.math	1,12,3;2,48,0;2,26,0;4,48,1,0,-1;4,26,23,0,-1;4,23,27,-1,-1;4,12,37,0,-1;4,1,47,-1,-1
summation	1,2,2;6,11,10,0;4,2,4,0,-1;14,7,10,4,-1;4,7,0,-1,-1;4,4,1,-1,-1;4,10,13,-1,-1
product	8,6,0;8,3,0;1,0,2;4,0,4,0,-1
estimated	1,20,3;2,10,0;6,27,50,0;4,10,3,0,-1;4,20,41,0,-1
fisheye	6,12,32,0;6,42,22,0;4,32,0,-1,-1;4,42,6,-1,-1
checkedbox	1,23,3;1,28,3;2,25,0;6,3,12,0;4,23,17,0,-1;4,17,0,-1,-1;4,25,19,0,-1
eighthnote	8,9,0;6,36,5,-2;4,9,30,-1,-1
gravecmb	6,3,1,-2
gravecmb.cap	6,3,1,-2
acutecmb	6,0,2,-2
acutecmb.cap	6,0,2,-2
circumflexcmb	6,4,1,0;4,4,3,-2,-1;4,3,6,-1,-1
circumflexcmb.cap	6,5,2,0;4,5,4,-2,-1;4,4,7,-1,-1
tildecmb	6,19,10,0;4,19,24,-2,-1;4,24,5,0,-1;4,5,13,-1,-1;4,19,27,-1,-1
tildecmb.cap	6,0,19,0;4,0,5,-2,-1;4,0,8,-1,-1;4,5,14,0,-1;4,14,22,-1,-1
macroncmb	6,2,1,0
macroncmb.cap	6,2,1,0
brevecmb	6,0,11,0;4,11,16,-2,-1;4,16,6,-1,-1
brevecmb.cap	6,0,11,0;4,11,6,-2,-1;4,6,16,-1,-1
dotaccentcmb	6,0,6,0
dotaccentcmb.cap	6,0,6,0
dieresiscmb	6,6,0,0;4,0,12,-1,-1;4,6,18,-1,-1
dieresiscmb.cap	6,0,6,0;4,0,12,-1,-1;4,6,18,-1,-1
hookabovecmb	6,17,0,0;4,0,6,-2,-1;4,6,7,0,-1
hookabovecmb.cap	6,17,0,-1;4,0,6,-2,-1;4,6,7,0,-1
ringcmb	6,0,12,-2;4,12,18,-2,-1;4,18,6,-2,-1
ringcmb.cap	6,0,12,-2;4,12,18,-2,-1;4,18,6,-2,-1
hungarumlautcmb	6,2,0,0;4,0,4,-1,-1;4,2,6,-1,-1
hungarumlautcmb.cap	6,3,1,0;4,1,4,-1,-1;4,3,6,-1,-1
caroncmb	6,6,3,0;4,3,4,-2,-1;4,4,1,-1,-1
caroncmb.cap	6,1,6,0;4,6,7,-2,-1;4,7,4,-1,-1
dblgravecmb	6,1,3,0;4,1,4,-1,-1;4,3,6,-1,-1
dblgravecmb.cap	6,0,2,0;4,0,4,-1,-1;4,2,6,-1,-1
commaturnedabovecmb	6,11,5,0;4,5,16,-2,-1
commaabovecmb	6,5,11,0;4,5,16,-2,-1
horncmb	6,11,0,0;4,0,5,-2,-1
dotbelowcmb	6,0,6,0
dieresisbelowcmb	6,0,6,0;4,0,12,-1,-1;4,6,18,-1,-1
commabelowcmb	6,0,15,0;4,15,9,-2,-1;4,9,8,0,-1
cedillacmb	6,2,1,-2;4,2,17,-1,-1;4,17,11,-2,-1;4,11,10,0,-1
cedillacmb.cap	6,2,1,-2;4,2,17,-1,-1;4,17,11,-2,-1;4,11,10,0,-1
ogonekcmb	2,4,0;6,17,10,0
ogonekcmb.cap	2,0,0;6,13,6,0
brevebelowcmb	6,0,11,0
macronbelowcmb	6,3,0,0
dieresismacron	6,6,0,0;4,0,12,-1,-1;4,6,18,-1,-1;4,6,26,-2,-1;4,26,25,0,-1
dieresismacron.cap	6,4,10,0;4,10,2,-2,-1;4,2,1,0,-1;4,4,16,-1,-1;4,10,22,-1,-1
dieresisacute	6,2,0,-2;6,10,4,0;4,4,16,-1,-1;4,10,22,-1,-1
dieresisacute.cap	6,4,10,0;4,10,2,-2,-1;4,2,0,-2,-1;4,4,16,-1,-1;4,10,22,-1,-1
dieresiscaron	6,14,8,0;4,14,6,-2,-1;4,6,3,0,-1;4,8,20,-1,-1;4,14,26,-1,-1
dieresiscaron.cap	6,0,6,0;4,0,12,-1,-1;4,6,18,-1,-1;4,6,25,-2,-1;4,25,30,0,-1
dieresisgrave	6,10,4,0;4,10,1,-2,-1;4,1,3,-2,-1;4,4,16,-1,-1;4,10,22,-1,-1
dieresisgrave.cap	6,4,10,0;4,10,0,-2,-1;4,0,3,-2,-1;4,4,16,-1,-1;4,10,22,-1,-1
circumflexacute	6,4,1,0;4,4,11,-1,-1;4,11,8,-2,-1
circumflexacute.cap	6,5,8,0;4,8,3,-1,-1;4,3,0,-2,-1
circumflexgrave	6,4,1,0;4,4,9,-1,-1;4,9,11,-2,-1
circumflexgrave.cap	6,5,8,0;4,8,1,-1,-1;4,1,3,-2,-1
circumflexhook	6,4,1,0;4,4,25,-1,-1;4,25,8,0,-1;4,8,14,-2,-1;4,14,15,0,-1
circumflexhook.cap	6,19,22,0;4,22,17,-1,-1;4,17,0,0,-1;4,0,6,-2,-1;4,6,7,0,-1
circumflextilde	6,4,1,0;4,1,27,-2,-1;4,27,32,-2,-1;4,32,13,0,-1;4,27,18,0,-1;4,13,21,-1,-1;4,27,35,-1,-1
circumflextilde.cap	6,4,1,0;4,1,27,-2,-1;4,27,8,-1,-1;4,27,32,-2,-1;4,32,13,0,-1;4,27,18,0,-1;4,13,21,-1,-1
breveacute	6,4,15,0;4,15,2,-2,-1;4,2,0,-2,-1
breveacute.cap	6,4,13,0;4,13,2,-2,-1;4,2,0,-2,-1
brevegrave	6,4,15,0;4,15,0,-2,-1;4,0,3,-2,-1
brevegrave.cap	6,4,13,0;4,13,0,-2,-1;4,0,3,-2,-1
brevehook	6,0,11,0;4,11,39,-2,-1;4,39,22,0,-1;4,22,28,-2,-1;4,28,29,0,-1
brevehook.cap	6,18,27,0;4,27,17,-2,-1;4,17,0,0,-1;4,0,6,-2,-1;4,6,7,0,-1
brevetilde	6,0,9,0;4,9,37,-2,-1;4,37,42,-2,-1;4,42,23,0,-1;4,37,28,0,-1;4,23,31,-1,-1;4,37,45,-1,-1
brevetilde.cap	6,0,9,0;4,9,37,-2,-1;4,37,18,-1,-1;4,37,42,-2,-1;4,42,23,0,-1;4,37,28,0,-1;4,23,31,-1,-1
circumflexbreve	6,4,1,0;4,1,8,-2,-1;4,8,17,0,-1;4,17,20,-2,-1;4,20,14,-1,-1
circumflexbreve.cap	6,4,1,0;4,1,8,-2,-1;4,8,17,0,-1;4,17,20,-2,-1;4,20,14,-1,-1
commabelowcmb.alt	6,0,15,0;4,15,9,-2,-1;4,9,8,0,-1
dblhorzbxd	6,6,5,0;6,2,1,0
uphalfblock	8,2,0;4,2,1,-2,-1
dneighthblock	8,2,0;4,2,1,-2,-1
dnquarterblock	8,2,0;4,2,1,-2,-1
dnthreeeighthsblock	8,2,0;4,2,1,-2,-1
dnhalfblock	8,2,0;4,2,1,-2,-1
dnfiveeighthsblock	8,2,0;4,2,1,-2,-1
dnthreequartersblock	8,2,0;4,2,1,-2,-1
dnseveneighthsblock	8,2,0;4,2,1,-2,-1
fullblock	8,2,0;4,2,1,-2,-1
leftseveneighthsblock	8,2,0;4,2,1,-2,-1
leftthreequartersblock	8,2,0;4,2,1,-2,-1
leftfiveeighthsblock	8,2,0;4,2,1,-2,-1
lefthalfblock	8,2,0;4,2,1,-2,-1
leftthreeeighthsblock	8,2,0;4,2,1,-2,-1
leftquarterblock	8,2,0;4,2,1,-2,-1
lefteighthblock	8,2,0;4,2,1,-2,-1
righthalfblock	8,2,0;4,2,1,-2,-1
upeighthblock	8,2,0;4,2,1,0,-1
righteighthblock	8,2,0;4,2,1,-2,-1
dnleftquadrant	8,2,0;4,2,1,-2,-1
dnrightquadrant	8,2,0;4,2,1,-2,-1
upleftquadrant	8,2,0;4,2,1,-2,-1
upleftdnleftdnrightquadrant	8,5,0;4,5,0,-2,-1
upleftdnrightquadrant	8,6,0;4,6,0,-2,-1
upleftuprightdnleftquadrant	8,5,0;4,5,0,-2,-1
upleftuprightdnrightquadrant	8,2,0;4,2,1,-2,-1
uprightquadrant	8,2,0;4,2,1,-2,-1
uprightdnleftquadrant	8,2,0;4,2,4,-2,-1
uprightdnleftdnrightquadrant	8,4,0;4,4,3,-2,-1
