#Glyph name	TT hints
.notdef	1,0,3;2,2,0;4,2,10,0,-1;4,10,12,-2,-1;4,0,18,0,-1;4,18,16,-2,-1
A	1,14,3;2,13,0;6,9,10,0;4,14,5,0,-1;4,13,17,-1,-1
B	1,0,3;2,21,0;14,37,21,0,0;4,37,30,0,-1;14,12,37,30,-1;4,0,29,0,-1;4,21,38,0,-1
C	1,5,3;2,26,0;4,5,12,0,-1;4,26,20,0,-1
D	1,0,3;2,12,0;4,0,24,0,-1;4,12,25,0,-1
E	1,0,3;2,11,0;4,0,3,0,-1;14,7,11,0,0;4,7,4,0,-1;4,11,8,0,-1
F	1,0,3;2,9,0;4,0,3,0,-1;14,7,9,0,0;4,7,4,0,-1
G	1,5,3;2,31,0;4,5,12,0,-1;4,31,20,0,-1;14,25,31,5,0;4,25,26,0,-1
H	1,0,3;2,11,0;14,9,11,0,0;4,9,2,0,-1;4,0,4,-1,-1;4,11,7,-1,-1
I	1,4,3;2,11,0;4,11,0,0,-1;4,4,3,0,-1;4,3,6,-1,-1;4,0,9,-1,-1
J	1,8,3;2,15,0;4,15,2,0,-1;4,8,6,0,-1
K	1,0,3;1,4,3;2,11,0;2,8,0;14,3,7,0,-1;14,9,7,0,-1;4,9,6,-1,-1;4,3,10,-1,-1
L	1,0,3;2,5,0;4,5,2,0,-1
M	1,0,3;2,29,0;6,4,18,0;4,0,6,-1,-1;4,29,9,-1,-1;4,0,22,0,-1;4,22,16,-1,-1
N	1,1,3;2,11,0;14,2,1,11,-1;4,11,4,0,-1;4,1,8,-1,-1;14,12,11,1,-1;4,1,13,0,-1;4,11,18,-1,-1
O	1,10,3;2,0,0;4,0,20,0,-1;4,10,26,0,-1
P	1,0,3;2,14,0;14,12,14,0,0;4,0,21,0,-1;4,12,22,0,-1
Q	1,28,3;2,20,0;6,15,39,0;4,28,0,0,-1;4,20,6,0,-1;4,20,36,-1,-1
R	1,13,3;2,12,0;14,10,12,13,0;4,10,0,0,-1;4,13,7,0,-1;4,12,8,-1,-1;4,10,22,-1,-1
S	1,22,3;2,44,0;4,44,3,0,-1;14,6,44,22,-1;4,22,29,0,-1;14,32,22,44,-1
T	1,2,3;2,7,0;4,2,1,0,-1;4,1,5,-1,-1
U	1,0,3;2,14,0;4,14,5,0,-1;4,0,9,-1,-1
V	1,0,3;2,13,0;4,13,5,0,-1;4,0,10,-1,-1
W	1,1,3;2,32,0;6,10,28,0;4,32,6,0,-1;4,6,15,-1,-1;4,1,20,-1,-1;4,32,23,-1,-1
X	1,2,3;2,24,0;14,0,24,2,-1;14,6,24,2,-1;4,2,11,-1,-1;14,13,24,2,-1;4,24,15,-1,-1;14,20,24,2,-1
Y	1,1,3;1,11,3;2,14,0;14,7,14,1,-1
Z	1,3,3;2,8,0;4,8,6,0,-1;4,6,0,-1,-1;4,3,1,0,-1;4,1,5,-1,-1
a	1,15,0;2,25,0;2,19,0;14,5,15,19,0;4,15,8,0,-1;4,25,33,0,-1;14,11,8,33,-1;14,21,19,15,-1;4,21,36,0,-1;4,5,37,0,-1
b	1,6,0;1,0,4;2,16,0;2,22,0;14,3,6,16,-1;14,20,16,6,-1;4,20,23,0,-1;4,16,26,0,-1;4,6,31,0,-1;4,3,33,0,-1
c	1,5,0;2,24,0;4,5,11,0,-1;4,24,17,0,-1
d	1,5,0;1,10,4;2,18,0;2,12,0;14,8,5,18,-1;14,14,18,5,-1;4,18,26,0,-1;4,14,29,0,-1;4,8,30,0,-1;4,5,33,0,-1
e	1,5,0;2,24,0;6,13,35,0;4,24,17,0,-1;4,5,32,0,-1
f	1,21,4;1,15,0;2,11,0;4,21,2,0,-1;4,15,6,-1,-1;4,15,12,0,-1;4,12,9,-1,-1
g	1,34,0;1,37,0;1,36,0;2,64,1;2,10,0;4,64,3,0,-1;4,10,13,-1,-1;4,13,18,-1,-1;4,10,55,0,-1;4,55,47,-2,-1;4,47,69,0,-1;14,49,69,47,-1;4,49,25,-1,-1;4,37,38,0,-1;4,36,39,0,-1;4,34,75,0,-1
h	1,0,4;1,8,0;2,22,0;2,13,0;14,3,8,13,-1;4,8,17,0,-1;4,3,20,0,-1
i	1,0,0;2,2,0;4,0,4,0,-1;4,0,6,-2,-1;4,6,12,-2,-1
j	1,0,0;2,7,1;4,7,14,0,-1;4,0,18,0,-1;4,0,20,-2,-1;4,20,26,-2,-1
k	1,4,0;1,0,4;2,12,0;2,8,0;14,2,0,12,-1;14,9,0,8,-1;4,9,6,-1,-1;4,2,10,0,-1
l	1,0,4;2,16,0;4,16,7,0,-1;4,0,21,0,-1
m	1,6,0;1,12,0;1,0,0;2,32,0;2,24,0;2,17,0;14,2,32,0,-1;4,2,9,-1,-1;4,12,20,0,-1;4,9,22,0,-1;4,6,27,0,-1;4,2,30,0,-1
n	1,6,0;1,0,0;2,20,0;2,11,0;14,2,6,20,-1;4,6,15,0,-1;4,2,18,0,-1
o	1,5,0;2,15,0;4,15,23,0,-1;4,5,29,0,-1
p	1,9,0;1,3,0;2,19,0;2,2,1;14,5,9,19,-1;14,21,19,9,-1;4,21,22,0,-1;4,19,25,0,-1;4,9,30,0,-1;4,5,32,0,-1
q	1,5,0;1,11,0;2,18,0;2,13,1;14,8,5,18,-1;14,15,18,5,-1;4,18,26,0,-1;4,15,29,0,-1;4,8,30,0,-1;4,5,33,0,-1
r	1,0,0;1,6,0;2,17,0;14,2,17,0,-1;4,6,13,0,-1;4,2,16,0,-1
s	1,19,0;2,44,0;4,44,3,0,-1;14,6,44,19,-1;4,19,26,0,-1;14,29,19,44,-1
t	8,5,0;1,3,0;2,20,0;4,3,1,0,-1;4,3,7,-1,-1;4,1,8,-1,-1;4,20,13,0,-1
u	1,10,0;1,19,0;2,6,0;2,0,0;14,2,6,19,-1;4,6,15,0,-1;4,2,18,0,-1
v	1,0,0;1,10,0;2,13,0;4,13,5,0,-1
w	1,0,0;1,10,0;1,20,0;2,33,0;2,23,0;14,6,0,33,-1;4,6,15,-1,-1;14,28,0,23,-1
x	1,1,0;1,11,0;2,25,0;2,15,0;14,19,1,25,-1;4,19,0,-1,-1;4,19,13,-1,-1;4,13,7,-1,-1
y	1,7,0;1,17,0;2,24,1;2,6,0;4,24,2,0,-1;14,13,7,6,-1
z	1,3,0;2,8,0;4,8,6,0,-1;4,6,0,-1,-1;4,3,1,0,-1;4,1,5,-1,-1
Aogonek	1,27,3;2,21,0;2,25,0;2,29,0;6,13,37,0;6,23,0,0;4,27,4,0,-1
AE	1,14,3;2,8,0;2,12,0;6,10,0,0;6,20,19,0;4,14,1,0,-1;4,8,7,0,-1;4,1,17,-1,-1
Bstroke	1,36,3;2,29,0;4,29,0,0,-1;4,0,11,-1,-1;4,11,8,-1,-1;4,8,7,-1,-1;4,7,13,-1,-1;4,36,19,0,-1;14,21,13,7,-1;4,11,32,-1,-1;4,8,34,-1,-1;4,34,33,-1,-1
Eogonek	1,0,3;2,10,0;2,34,0;6,26,19,0;6,6,5,0;4,0,2,0,-1;4,34,8,0,-1
Hbar	1,16,3;1,20,3;2,7,0;2,10,0;4,20,19,-2,-1;4,19,0,0,-1;4,0,3,-2,-1;4,0,5,-1,-1;4,3,8,0,-1;4,0,12,-1,-1;4,19,15,-1,-1;4,19,22,-1,-1
Iogonek	1,4,3;2,10,0;2,34,0;6,24,17,0;4,34,0,0,-1;4,4,2,0,-1;4,2,6,-1,-1;4,0,8,-1,-1
Lslash	1,7,3;2,1,0;4,1,0,0,-1;14,3,1,7,-1;4,3,6,-1,-1;4,3,12,-1,-1;4,12,9,-1,-1
Oslash	1,38,3;2,25,0;14,16,25,38,-1;4,16,0,-1,-1;4,25,2,0,-1;14,8,25,38,-1;4,8,9,-1,-1;4,38,11,0,-1;4,8,17,-1,-1;4,0,27,-1,-1;4,16,30,-1,-1;4,9,40,-1,-1
OE	1,5,3;2,15,0;6,11,10,0;4,5,8,0,-1;4,15,13,0,-1;4,13,26,-1,-1;4,8,28,-1,-1
Ohorn	1,36,3;2,26,0;4,26,0,0,-1;4,36,6,0,-1;14,18,26,36,-1;4,18,38,-1,-1
Oogonek	1,19,3;2,9,0;6,3,35,0;4,9,29,-1,-1;4,9,39,0,-1;4,19,45,0,-1
Germandbls	1,5,3;2,41,0;2,19,0;6,32,33,0;14,9,33,32,-1;4,19,26,0,-1;4,5,37,0,-1;14,29,37,19,-1
Uogonek	1,0,3;1,9,3;2,37,0;6,29,22,0;4,37,5,0,-1;4,37,14,-1,-1
Uhorn	1,16,3;1,25,3;2,12,0;4,25,8,0,-1;4,12,21,0,-1
Thorn	1,0,3;2,15,0;6,13,17,0;6,22,3,0
aogonek	1,15,0;2,45,0;2,19,0;2,32,1;14,5,15,45,0;4,15,8,0,-1;4,32,25,0,-1;4,19,40,-1,-1;4,45,53,0,-1;4,5,57,0,-1
ae	1,13,0;1,19,0;2,38,0;2,44,0;6,27,49,0;14,3,13,44,0;4,13,6,0,-1;14,16,38,13,-1;4,38,31,0,-1;14,41,38,13,-1;4,19,54,0,-1;4,44,60,0,-1;4,3,67,0,-1
bstroke	1,14,0;1,35,4;2,30,0;2,24,0;6,34,31,0;14,27,24,14,-1;4,27,0,0,-1;4,24,3,0,-1;4,14,8,0,-1;14,11,14,24,-1;4,11,10,0,-1;4,34,33,-1,-1;4,34,38,-1,-1;4,31,39,-1,-1
dcroat	1,30,0;1,39,4;2,14,0;2,20,0;6,41,13,0;14,33,30,20,-1;4,33,0,0,-1;4,30,2,0,-1;4,20,8,0,-1;14,16,20,30,-1;4,16,11,0,-1;4,13,12,-1,-1;4,13,36,-1,-1;4,41,37,-1,-1
eogonek	1,34,0;2,24,0;2,15,1;6,42,56,0;4,15,8,0,-1;4,24,46,0,-1;4,34,53,0,-1
hbar	1,5,0;1,24,4;2,19,0;2,10,0;6,23,20,0;14,0,5,19,-1;4,5,14,0,-1;4,0,17,0,-1;4,23,22,-1,-1;4,23,27,-1,-1;4,20,28,-1,-1
iogonek	1,2,0;2,4,0;2,25,0;2,17,1;4,2,0,0,-1;4,17,10,0,-1;4,2,27,-2,-1;4,27,33,-2,-1
kgreenlandic	1,0,0;1,4,0;2,7,0;2,11,0;14,2,11,0,-1;14,9,11,0,-1;4,9,6,-1,-1;4,2,10,0,-1
lslash	1,15,4;2,5,0;14,9,5,15,-1;4,9,12,-1,-1;4,15,13,0,-1;4,9,20,-1,-1;4,20,17,-1,-1;4,5,26,0,-1
napostrophe	1,21,0;1,36,0;2,35,0;2,26,0;6,5,11,-1;4,21,30,0,-1;14,38,21,35,-1;4,38,33,0,-1
oslash	1,38,0;2,25,0;14,16,25,38,-1;4,16,0,-1,-1;4,25,2,0,-1;14,8,38,25,-1;4,8,9,-1,-1;4,38,11,0,-1;4,8,17,-1,-1;4,0,27,-1,-1;4,16,30,-1,-1;4,9,40,-1,-1
oe	1,17,0;1,23,0;2,42,0;2,48,0;6,31,53,0;4,48,3,0,-1;4,17,9,0,-1;14,20,42,17,-1;4,42,35,0,-1;14,45,42,17,-1;4,23,58,0,-1
ohorn	1,36,0;2,26,0;4,26,0,0,-1;4,36,6,0,-1;14,18,26,36,-1;4,18,39,-1,-1
oogonek	1,13,0;2,3,0;2,36,1;4,3,23,-1,-1;4,36,29,0,-1;4,3,42,0,-1;4,13,48,0,-1
germandbls	1,5,4;2,57,0;2,27,0;4,27,34,0,-1;14,15,5,34,-1;4,5,52,0,-1;14,37,27,52,-1
uogonek	1,30,0;1,39,0;2,26,0;2,13,1;2,0,0;4,13,6,0,-1;4,0,21,-1,-1;14,23,30,26,-1;4,26,35,0,-1;4,23,38,0,-1
uhorn	1,17,0;1,26,0;2,7,0;2,13,0;14,9,13,26,-1;4,13,22,0,-1;4,9,25,0,-1
eth	1,47,4;2,25,0;6,9,35,0;4,25,0,0,-1;14,38,47,25,-1;4,38,6,0,-1;14,17,47,25,-1;4,17,41,-1,-1;4,17,50,-1,-1;4,50,44,-1,-1
thorn	1,2,4;1,8,0;2,1,1;2,18,0;14,5,8,18,-1;14,21,18,8,-1;4,21,23,0,-1;4,18,26,0,-1;4,8,34,0,-1;4,5,36,0,-1
aturned	1,25,0;1,19,0;2,15,0;14,5,25,15,0;4,15,8,0,-1;14,21,25,15,-1;4,25,33,0,-1;4,21,36,0,-1;4,5,37,0,-1
ascript	1,23,0;1,18,0;2,25,0;2,31,0;4,31,3,0,-1;14,27,31,18,-1;4,27,6,0,-1;14,22,31,18,-1;4,22,7,0,-1;4,18,10,0,-1
alphalatinturned	1,24,0;1,30,0;2,23,0;2,17,0;4,30,2,0,-1;14,26,30,17,-1;4,26,5,0,-1;14,21,17,30,-1;4,21,6,0,-1;4,17,9,0,-1
oopen	1,25,0;2,5,0;4,5,12,0,-1;4,25,18,0,-1
ereversed	1,24,0;2,5,0;6,16,29,0;4,5,12,0,-1;4,24,32,0,-1
schwa	1,14,0;2,24,0;6,3,35,0;4,14,7,0,-1;4,24,32,0,-1
gscript	1,24,0;1,20,0;2,29,1;2,10,0;4,29,3,0,-1;14,7,29,20,-1;14,23,29,20,-1;4,10,33,0,-1;4,7,36,0,-1;4,23,37,0,-1;4,20,40,0,-1
hturned	1,10,0;1,19,0;2,0,1;2,6,0;14,3,10,6,-1;4,6,15,0,-1;4,3,18,0,-1
mturned	1,16,0;1,23,0;1,31,0;2,0,0;2,12,0;2,6,0;14,2,23,0,-1;14,9,16,12,-1;4,12,20,0,-1;4,9,22,0,-1;4,6,27,0,-1;4,2,30,0,-1
rturned	1,17,0;2,6,0;2,0,0;14,3,6,17,-1;4,6,13,0,-1;4,3,16,0,-1
tturned	1,20,0;2,7,0;4,7,8,0,-1;4,8,0,-1,-1;4,7,3,-1,-1;4,20,13,0,-1
vturned	1,12,0;2,0,0;2,10,0;14,6,12,0,-1
wturned	8,11,0;1,22,0;1,32,0;2,21,0;2,1,0;14,6,32,1,-1;14,16,22,21,-1;14,27,22,1,-1
yturned	1,24,4;2,18,0;2,7,0;4,24,2,0,-1;14,13,7,24,-1;4,13,6,-1,-1
kturned	1,7,0;1,11,0;2,0,1;2,4,0;14,2,7,0,-1;14,9,7,0,-1;4,9,6,-1,-1
fi	1,5,4;1,16,0;1,26,0;2,20,0;2,28,0;4,5,12,0,-1;4,16,19,0,-1;4,19,22,-1,-1;4,16,25,-1,-1;4,26,36,-2,-1;4,36,30,-2,-1
fl	1,35,4;1,5,4;1,16,0;2,20,0;2,29,0;4,5,12,0,-1;4,16,19,0,-1;4,19,22,-1,-1;4,16,25,-1,-1;4,29,40,0,-1
aogonek.alt	1,18,0;1,24,0;2,51,0;2,38,1;2,25,0;4,51,3,0,-1;14,48,51,18,-1;4,48,6,0,-1;14,21,18,51,-1;4,21,7,0,-1;4,18,10,0,-1;4,38,31,0,-1;4,25,46,-1,-1
ampersand	1,51,3;2,33,0;2,28,0;4,33,3,0,-1;14,5,51,33,-1;14,13,33,51,-1;4,13,43,-1,-1;4,43,8,-1,-1;4,51,19,-2,-1;4,5,30,-1,-1;4,30,25,-1,-1;4,28,27,0,-1;4,13,59,0,-1;4,25,62,-1,-1
zero	1,10,2;2,0,0;4,10,20,0,-1;4,0,30,0,-1;14,40,30,20,0;4,40,46,-2,-1
one	1,10,2;2,2,0;4,2,3,0,-1;4,3,0,-1,-1;4,10,5,-1,-1;4,5,7,0,-1
two	1,17,2;2,32,0;4,32,30,0,-1;4,30,0,-1,-1;14,5,17,32,-1;4,17,8,0,-1
three	1,25,2;2,42,0;4,42,3,0,-1;14,11,25,42,0;4,11,12,0,-1;4,25,18,0,-1;14,34,11,12,-1
four	1,17,2;2,13,0;6,0,14,0;4,17,4,0,-1;4,0,9,-1,-1;4,14,11,-1,-1;4,9,16,-1,-1;4,0,19,-1,-1
five	1,16,2;2,33,0;6,9,23,0;4,33,3,0,-1;14,20,33,16,-1;4,20,15,-1,-1;4,16,18,0,-1
six	1,47,2;2,37,0;6,27,8,0;4,37,0,0,-1;14,24,37,47,-1;4,24,11,0,-1;4,47,19,0,-1
seven	1,7,2;2,0,0;4,7,5,0,-1;4,5,9,-1,-1
eight	1,39,2;2,58,0;4,58,3,0,-1;4,39,19,0,-1;14,11,3,19,0;4,11,47,-1,0;4,47,14,-2,-1;4,11,30,-2,-1
nine	1,37,2;2,47,0;6,27,0,0;14,24,47,37,-1;4,24,3,0,-1;4,37,8,0,-1;4,47,19,0,-1
zero.onum	1,10,1;2,0,0;4,10,20,0,-1;4,0,30,0,-1;14,40,30,20,0;4,40,46,-2,-1
one.onum	1,10,1;2,1,0;4,1,0,0,-1;4,0,3,-1,-1;4,10,5,-1,-1;4,5,7,0,-1
two.onum	1,17,1;2,32,0;4,32,27,0,-1;4,27,0,-1,-1;4,17,8,0,-1;4,27,30,-1,-1
three.onum	1,25,1;6,44,3,0;6,11,12,0;4,25,18,0,-1;14,34,11,12,-1
four.onum	8,13,0;1,17,1;6,10,20,0;4,20,0,-1,-1;14,4,17,13,-1;4,10,14,-1,-1
five.onum	1,16,1;6,33,3,0;6,9,23,0;14,20,33,16,-1;4,20,15,-1,-1;4,16,18,0,-1
seven.onum	1,7,1;4,7,5,0,-1;4,5,9,-1,-1
nine.onum	1,37,1;6,47,19,0;6,27,0,0;14,24,47,37,-1;4,24,3,0,-1;4,37,8,0,-1
period	2,13,0;4,13,5,-2,-1
comma	6,4,12,-2
exclam	1,1,3;2,15,0;4,15,9,-2,-1;4,9,5,-2,-1
exclamdown	1,15,0;4,15,9,-2,-1;4,9,4,-2,-1
question	2,39,0;6,10,17,0;4,39,33,-2,-1;4,33,0,-2,-1
questiondown	1,39,0;6,17,10,0;4,39,33,-2,-1;4,33,29,-2,-1
quoteleft	6,11,5,-1
quoteright	6,10,4,-1
underscore	6,1,0,0
parenleft	6,0,6,-2
parenright	6,15,9,-2
bracketleft	6,6,5,0;6,2,1,0
bracketright	6,5,0,0;6,1,4,0
braceleft	6,52,51,0;6,26,25,0;6,10,11,0;14,39,10,11,-1
braceright	6,53,0,0;6,23,26,0;6,40,39,0;14,12,40,39,-1
slash	1,2,4;4,2,0,-2,-1
bar	6,2,1,-2
backslash	1,0,4;4,0,2,-2,-1
brokenbar	6,5,1,-2;6,7,3,-2
asterisk	8,14,0;14,1,14,5,-1;4,1,4,0,-1;4,4,7,-1,-1;4,1,10,-1,-1;4,14,12,-1,-1
dagger	6,0,3,0;4,0,9,-1,-1;4,9,8,-1,-1;4,8,1,-1,-1;4,3,6,-1,-1;4,6,7,-1,-1;4,7,2,-1,-1
daggerdbl	6,3,6,0;6,20,1,0;4,1,14,-1,-1;4,14,15,-1,-1;4,15,0,-1,-1;4,3,12,-1,-1;4,12,11,-1,-1;4,11,4,-1,-1;4,6,9,-1,-1;4,9,10,-1,-1;4,10,5,-1,-1;4,20,17,-1,-1;4,17,16,-1,-1;4,16,21,-1,-1
section	6,37,43,0;6,17,62,0;14,46,37,17,-1;14,19,62,43,-1;14,29,46,19,-1;4,29,0,-1,-1;14,56,19,46,-1;4,56,7,-1,-1
copyright	1,5,2;2,15,0;4,15,25,0,-1;4,5,35,0,-1;4,35,45,-1,-1;4,45,52,0,-1;4,25,65,-1,-1;4,65,58,0,-1
soundcopyright	1,28,2;2,38,0;6,11,15,0;4,28,58,0,-1;4,58,1,-1,-1;4,38,48,0,-1;4,48,13,-1,-1;4,1,20,0,-1
registered	6,0,20,0;6,30,10,0;6,50,54,0;4,30,41,-1,-1;4,50,47,-1,-1;4,20,52,-1,-1;4,52,49,-1,-1
trademark	8,26,0;6,21,22,0;6,13,4,0;4,22,0,-1,-1;4,22,6,-1,-1;4,6,1,-1,-1;4,26,19,-1,-1;4,19,9,-1,-1;4,6,12,0,-1;4,12,15,-1,-1;4,21,24,-1,-1
servicemark	8,0,0;6,26,19,0;6,54,45,0;4,0,7,0,-1;4,19,41,-1,0;4,19,47,-1,0;4,47,42,-1,-1;4,0,60,-1,-1;4,60,50,-1,-1;4,47,53,0,-1;4,53,56,-1,-1
at	6,39,32,0;6,22,49,0;6,6,58,0;6,16,62,0;14,2,6,49,-1;4,2,61,0,-1
at.case	1,49,3;2,39,0;6,6,58,0;6,62,16,0;14,2,6,49,-1;4,49,22,0,-1;4,39,32,0,-1;4,2,61,0,-1
numbersign	1,8,2;1,12,2;2,27,0;2,23,0;6,1,2,0;6,5,6,0;4,6,10,-1,-1;4,10,14,-1,-1;4,5,30,-1,-1;4,30,17,-1,-1;4,2,31,-1,-1;4,31,18,-1,-1;4,1,25,-1,-1;4,25,21,-1,-1
one.dnom	2,10,0;6,0,7,0
two.dnom	2,22,0;6,8,14,0;4,22,20,0,-1;4,20,0,-1,-1
four.dnom	2,9,0;6,6,16,0;6,13,2,0;4,16,0,-1,-1;4,6,10,-1,-1
five.dnom	2,29,0;6,16,15,0;6,9,21,0;4,29,3,0,-1;14,18,9,21,-1;4,18,13,-1,-1
six.dnom	2,27,0;6,13,35,0;6,5,19,0;4,27,0,0,-1;14,16,27,35,-1;4,16,7,0,-1
seven.dnom	2,0,0;6,5,8,0;4,5,9,-1,-1
eight.dnom	2,52,0;6,17,35,0;4,52,3,0,-1;14,6,52,17,-1;14,20,35,3,-1
nine.dnom	2,36,0;6,8,26,0;6,18,2,0;14,16,26,36,-1;4,16,5,0,-1;4,36,13,0,-1
a.sups	8,17,0;6,22,28,0;6,5,12,0;6,32,3,0;14,18,12,22,-1;4,18,31,0,-1
b.sups	8,18,0;1,1,4;6,14,23,0;6,28,6,0;14,3,6,14,-1;14,16,14,6,-1;4,16,20,0,-1;4,3,30,0,-1
d.sups	8,13,0;1,10,4;6,18,24,0;6,31,5,0;14,8,5,18,-1;14,14,18,5,-1;4,14,27,0,-1;4,8,28,0,-1
e.sups	6,23,17,0;6,31,5,0;6,28,13,0
f.sups	8,10,0;1,6,1;6,3,21,0;4,6,8,0,-1;4,8,12,-1,-1;4,6,15,-1,-1
g.sups	1,35,1;6,62,3,0;6,73,33,0;6,9,56,0;6,46,67,0;14,18,9,56,-1;4,18,13,-1,-1;4,46,49,-1,-1;4,49,25,-1,-1;4,35,38,0,-1
h.sups	8,20,0;8,11,0;1,0,4;6,15,6,0;14,3,6,20,-1;4,3,18,0,-1
i.sups	8,3,0;1,0,1;4,0,4,0,-1;4,0,6,-2,-1;4,6,12,-2,-1
j.sups	1,0,1;6,7,14,0;4,0,18,0,-1;4,0,20,-2,-1;4,20,26,-2,-1
k.sups	8,8,0;8,11,0;1,0,4;1,4,1;14,10,11,0,-1;4,10,2,0,-1;14,9,8,4,-1;4,9,6,-1,-1
l.sups	1,0,4;6,12,5,0;4,0,17,0,-1
m.sups	8,30,0;8,23,0;8,16,0;1,1,1;6,19,11,0;6,6,26,0;14,2,30,1,-1;4,2,8,-1,-1;4,2,28,0,-1;4,28,21,-1,-1
n.sups	8,20,0;8,11,0;1,1,1;6,15,6,0;14,2,20,1,-1;4,2,18,0,-1
p.sups	8,1,0;1,4,1;6,29,9,0;6,17,24,0;14,5,9,17,-1;14,20,17,9,-1;4,20,21,0,-1;4,5,31,0,-1
q.sups	8,13,0;1,10,1;6,31,5,0;6,18,24,0;14,9,5,18,-1;14,15,18,31,-1;4,15,27,0,-1;4,9,28,0,-1
r.sups	8,17,0;1,1,1;6,13,6,0;14,2,17,1,-1;4,2,16,0,-1
s.sups	6,38,3,0;6,24,17,0;14,6,38,24,-1;14,27,17,3,-1
t.sups	1,6,1;1,5,3;6,19,13,0;4,6,0,0,-1;4,6,3,-1,-1;4,0,9,-1,-1
u.sups	1,11,1;1,20,1;6,6,15,0;14,2,6,20,-1;4,2,18,-1,-1
v.sups	8,12,0;1,10,1;1,1,1;4,12,6,0,-1
w.sups	8,23,0;1,0,1;1,10,1;1,20,1;4,23,15,0,-1;4,15,6,-1,-1;4,10,28,0,-1;4,23,32,-1,-1
x.sups	8,15,0;8,23,0;1,1,1;1,11,1;14,18,15,11,-1;4,18,0,-1,-1;4,18,13,-1,-1;4,13,6,-1,-1
y.sups	1,18,1;1,9,1;6,25,3,0;14,14,25,18,-1;4,14,7,-1,-1
z.sups	8,9,0;1,3,1;4,9,6,0,-1;4,6,0,-1,-1;4,3,1,0,-1;4,1,5,-1,-1
egrave.sups	1,35,4;6,23,17,0;6,31,5,0;6,28,13,0;4,35,37,-2,-1
eacute.sups	1,37,4;6,23,17,0;6,31,5,0;6,28,13,0;4,37,35,-2,-1
schwa.sups	6,22,30,0;6,7,14,0;6,3,27,0
a.supa	8,25,0;1,22,1;6,30,3,0;6,10,18,0;14,26,30,18,-1;4,26,6,0,-1;14,21,18,30,-1;4,21,7,0,-1
g.supa	1,25,1;6,30,3,0;6,41,20,0;6,10,34,0;14,7,10,20,-1;14,24,20,10,-1;4,7,37,0,-1;4,24,38,0,-1
degree	6,26,10,0;6,0,20,0
dollar	8,17,0;8,39,0;4,39,38,-2,-1;4,38,3,0,-1;4,17,18,-2,-1;14,5,18,38,-1;4,18,15,-1,-1;4,18,25,0,-1;14,28,38,18,-1;4,38,41,-1,-1
sterling	1,19,2;2,1,0;6,11,8,0;4,1,0,0,-1;4,0,3,-1,-1;4,19,26,0,-1;4,11,32,-1,-1;4,8,35,-1,-1
yen	1,0,2;1,9,2;2,19,0;14,5,19,9,-1;4,5,11,-1,-1;4,11,14,0,-1;4,14,25,-1,-1;4,25,24,-2,-1;4,24,15,-1,-1;4,15,18,0,-1;4,18,21,-1,-1;4,11,28,-1,-1
Euro	1,23,2;2,3,0;6,36,40,-2;4,40,43,0,-1;4,43,8,-1,-1;4,40,11,-1,-1;4,36,17,-1,-1;4,36,33,0,-1;4,33,20,-1,-1;4,23,30,0,-1;4,3,46,0,-1
cent	1,24,2;6,10,33,0;6,32,26,0;4,32,0,-1,0;4,33,6,-1,0;4,10,13,-1,0;4,13,12,-2,-1;4,26,23,-1,0
florin	1,38,3;6,16,22,0;6,9,8,0;4,38,3,0,-1;4,9,28,-1,-1;4,8,32,-1,-1
colonmonetary	1,36,2;2,20,0;4,20,22,-1,-1;4,22,0,0,-1;4,20,3,0,-1;4,36,7,0,-1;4,7,4,-1,-1;4,7,8,-1,-1;4,0,13,-1,-1;4,20,17,-1,-1;4,20,19,-2,-1;4,19,23,-1,-1;4,22,25,-1,-1;4,36,33,-1,-1;4,36,35,-2,-1;4,4,40,0,-1;4,35,41,-1,-1;4,40,43,-1,-1;4,4,49,-1,-1;4,3,50,-1,0
peseta	1,27,2;2,20,0;6,7,4,0;6,5,19,0;4,27,11,0,-1;4,4,13,-1,-1;4,4,23,-1,-1;4,7,24,-1,-1;4,7,32,-1,-1
dong	2,2,0;6,7,34,0;4,2,0,0,-1;4,0,26,0,-1;4,26,13,0,-1;4,34,19,-2,-1;4,19,39,-1,-1;4,19,45,0,-1;4,45,41,-1,-1;4,45,44,-2,-1
peso	1,46,2;2,36,0;6,34,9,0;4,46,14,0,-1;4,14,16,-1,-1;4,16,6,0,-1;4,6,0,-2,-1;4,0,11,0,-1;4,6,20,-1,-1;4,0,26,-1,-1;4,11,28,-1,-1;4,11,38,-1,-1;4,0,41,-1,-1;4,6,42,-1,-1;4,16,45,-1,-1;4,16,52,-1,-1
guarani	1,18,2;2,8,0;6,38,0,0;4,8,5,-1,-1;4,18,21,-1,-1;4,18,28,0,-1;4,8,34,0,-1
cedi	1,23,2;1,26,2;2,10,0;2,13,0;4,23,0,0,-1;4,13,6,0,-1;4,13,12,-2,-1;4,26,25,-2,-1;4,0,33,-1,-1;4,6,34,-1,-1
rupeeindian	1,27,2;1,28,2;2,11,0;4,28,1,0,-1;4,1,25,-1,-1;4,25,22,-1,-1;4,22,4,-1,-1;4,22,18,0,-1;4,18,7,-1,-1;4,18,16,-1,-1;4,16,13,0,-1;4,13,10,-1,0
liraturkish	1,25,2;2,16,0;4,16,0,0,-1;14,31,16,25,-1;4,31,34,-1,-1;4,34,17,-1,-1;4,31,20,-1,-1;4,20,30,-1,-1;4,30,21,-1,-1;4,30,27,-1,-1;4,27,24,-1,-1
plus	6,1,2,0;4,2,6,-1,-1;4,1,9,-1,-1
multiply	6,9,5,-2;14,10,9,5,-1;4,10,1,-1,-1;4,10,7,-1,-1;4,7,4,-1,-1
divide	6,26,25,0;4,25,0,-2,-1;4,0,6,-2,-1;4,26,15,-2,-1;4,15,21,-2,-1
less	6,7,0,0;4,0,2,-1,0;4,2,1,0,-1;14,4,0,7,-1;4,7,5,-1,0;4,5,6,0,-1
greater	6,0,7,0;4,0,2,-1,0;4,2,1,0,-1;14,4,7,0,-1;4,7,5,-1,0;4,5,6,0,-1
lessequal	2,2,0;6,13,4,0;4,2,0,0,-1;14,9,4,13,-1;4,9,5,-1,-1;4,5,6,0,-1;4,9,12,-1,-1;4,12,11,0,-1
greaterequal	2,2,0;6,4,13,0;4,2,0,0,-1;14,8,13,4,-1;4,8,5,-1,-1;4,5,6,0,-1;4,8,12,-1,-1;4,12,11,0,-1
plusminus	2,14,0;6,0,3,0;4,3,4,-2,-1;4,3,6,-1,-1;4,0,8,-1,-1;4,14,12,0,-1;4,12,11,-2,-1
asciicircum	1,0,3;4,0,2,-2,-1;14,5,0,2,-1;4,2,9,-1,-1
notequal	6,13,7,0;4,13,14,-2,-1;4,14,17,0,-1;4,17,0,-1,-1;4,14,3,-1,-1;4,13,4,-1,-1;4,7,8,-2,-1;4,7,10,-1,-1;4,0,19,-2,-1
asciitilde	6,20,3,0;6,8,15,0;4,3,11,-1,-1;4,15,23,-1,-1
pi	1,16,0;2,34,0;2,10,0;4,16,13,0,-1;4,13,5,-1,-1;4,5,18,-1,-1;4,34,27,0,-1
infinity	1,15,0;6,25,35,0;6,0,43,0;6,49,8,0;14,28,25,15,-1;4,28,32,-1,-1;4,32,11,-1,-1;4,15,41,0,-1;4,28,46,-1,-1
mu.math	8,39,0;1,0,0;1,9,0;2,32,0;2,25,0;4,32,5,0,-1;14,29,9,32,-1;4,29,8,0,-1;4,25,18,0,-1
partialdiff	1,17,3;2,27,0;6,8,37,0;4,27,0,0,-1;14,40,27,37,-1;4,40,5,0,-1;4,17,44,0,-1
Delta.math	1,1,3;2,4,0;4,4,6,0,-1;4,6,11,-1,-1;4,11,0,-1,-1;4,6,3,-1,-1;4,1,8,0,-1
Omega.math	1,12,3;2,44,0;2,26,0;4,44,1,0,-1;4,26,23,0,-1;4,23,27,-1,-1;4,12,35,0,-1;4,1,43,-1,-1
summation	1,2,2;6,11,10,0;4,2,4,0,-1;14,7,10,4,-1;4,7,0,-1,-1;4,4,1,-1,-1;4,10,13,-1,-1
product	8,6,0;8,3,0;1,0,2;4,0,4,0,-1
litre	1,29,4;2,13,0;14,0,13,29,-1;4,29,6,0,-1;4,0,37,0,-1;4,37,16,-1,-1;4,0,23,-1,-1;4,13,41,0,-1
estimated	1,20,3;2,10,0;6,27,50,0;4,10,3,0,-1;4,20,41,0,-1
fisheye	6,12,32,0;6,42,22,0;4,32,0,-1,-1;4,42,6,-1,-1
checkedbox	1,22,3;1,27,3;2,24,0;6,3,12,0;4,22,15,0,-1;4,15,0,-1,-1;4,24,17,0,-1
eighthnote	8,9,0;6,36,5,-2;4,9,32,-1,-1
gravecmb	6,3,1,-2
gravecmb.cap	6,3,1,-2
acutecmb	6,0,2,-2
acutecmb.cap	6,0,2,-2
circumflexcmb	6,4,1,0;4,4,3,-2,-1;4,3,6,-1,-1
circumflexcmb.cap	6,5,2,0;4,5,4,-2,-1;4,4,7,-1,-1
tildecmb	6,15,8,0;4,15,20,-2,-1;4,20,3,0,-1;4,3,11,-1,-1;4,15,23,-1,-1
tildecmb.cap	6,0,17,0;4,0,5,-2,-1;4,0,8,-1,-1;4,5,12,0,-1;4,12,20,-1,-1
macroncmb	6,2,1,0
macroncmb.cap	6,2,1,0
brevecmb	6,0,9,0;4,9,12,-2,-1;4,12,6,-1,-1
brevecmb.cap	6,0,7,0;4,7,4,-2,-1;4,4,10,-1,-1
dotaccentcmb	6,0,6,0
dotaccentcmb.cap	6,0,6,0
dieresiscmb	6,6,0,0;4,0,12,-1,-1;4,6,18,-1,-1
dieresiscmb.cap	6,0,6,0;4,0,12,-1,-1;4,6,18,-1,-1
hookabovecmb	6,15,0,0;4,0,6,-2,-1;4,6,7,0,-1
hookabovecmb.cap	6,15,0,-1;4,0,6,-2,-1;4,6,7,0,-1
ringcmb	6,0,12,-2;4,12,18,-2,-1;4,18,6,-2,-1
ringcmb.cap	6,0,12,-2;4,12,18,-2,-1;4,18,6,-2,-1
hungarumlautcmb	6,2,0,0;4,0,4,-1,-1;4,2,6,-1,-1
hungarumlautcmb.cap	6,3,1,0;4,1,4,-1,-1;4,3,6,-1,-1
caroncmb	6,6,3,0;4,3,4,-2,-1;4,4,1,-1,-1
caroncmb.cap	6,1,6,0;4,6,7,-2,-1;4,7,4,-1,-1
dblgravecmb	6,1,3,0;4,1,4,-1,-1;4,3,6,-1,-1
dblgravecmb.cap	6,0,2,0;4,0,4,-1,-1;4,2,6,-1,-1
commaturnedabovecmb	6,10,4,0;4,4,15,-2,-1
commaabovecmb	6,4,10,0;4,4,15,-2,-1
horncmb	6,15,0,0;4,0,6,-2,-1
dotbelowcmb	6,0,6,0
dieresisbelowcmb	6,0,6,0;4,0,12,-1,-1;4,6,18,-1,-1
commabelowcmb	6,0,15,0;4,15,9,-2,-1;4,9,8,0,-1
cedillacmb	6,2,1,-2;4,2,17,-1,-1;4,17,11,-2,-1;4,11,10,0,-1
cedillacmb.cap	6,2,1,-2;4,2,17,-1,-1;4,17,11,-2,-1;4,11,10,0,-1
ogonekcmb	2,6,0;6,18,11,0
ogonekcmb.cap	2,0,0;6,13,6,0
brevebelowcmb	6,0,9,0
macronbelowcmb	6,3,0,0
dieresismacron	6,6,0,0;4,0,12,-1,-1;4,6,18,-1,-1;4,6,26,-2,-1;4,26,25,0,-1
dieresismacron.cap	6,4,10,0;4,10,2,-2,-1;4,2,1,0,-1;4,4,16,-1,-1;4,10,22,-1,-1
dieresisacute	6,2,0,-2;6,10,4,0;4,4,16,-1,-1;4,10,22,-1,-1
dieresisacute.cap	6,4,10,0;4,10,2,-2,-1;4,2,0,-2,-1;4,4,16,-1,-1;4,10,22,-1,-1
dieresiscaron	6,14,8,0;4,14,6,-2,-1;4,6,3,0,-1;4,8,20,-1,-1;4,14,26,-1,-1
dieresiscaron.cap	6,0,6,0;4,0,12,-1,-1;4,6,18,-1,-1;4,6,25,-2,-1;4,25,30,0,-1
dieresisgrave	6,10,4,0;4,10,1,-2,-1;4,1,3,-2,-1;4,4,16,-1,-1;4,10,22,-1,-1
dieresisgrave.cap	6,4,10,0;4,10,0,-2,-1;4,0,3,-2,-1;4,4,16,-1,-1;4,10,22,-1,-1
circumflexacute	6,4,1,0;4,4,11,-1,-1;4,11,8,-2,-1
circumflexacute.cap	6,5,8,0;4,8,3,-1,-1;4,3,0,-2,-1
circumflexgrave	6,4,1,0;4,4,9,-1,-1;4,9,11,-2,-1
circumflexgrave.cap	6,5,8,0;4,8,1,-1,-1;4,1,3,-2,-1
circumflexhook	6,4,1,0;4,4,23,-1,-1;4,23,8,0,-1;4,8,14,-2,-1;4,14,15,0,-1
circumflexhook.cap	6,15,18,0;4,18,13,-1,-1;4,13,0,0,-1;4,0,6,-2,-1;4,6,7,0,-1
circumflextilde	6,4,1,0;4,1,22,-2,-1;4,22,27,-2,-1;4,27,11,0,-1;4,22,16,0,-1;4,11,18,-1,-1;4,22,29,-1,-1
circumflextilde.cap	6,4,1,0;4,1,22,-2,-1;4,22,8,-1,-1;4,22,27,-2,-1;4,27,11,0,-1;4,22,16,0,-1;4,11,18,-1,-1
breveacute	6,4,13,0;4,13,2,-2,-1;4,2,0,-2,-1
breveacute.cap	6,4,11,0;4,11,2,-2,-1;4,2,0,-2,-1
brevegrave	6,4,13,0;4,13,0,-2,-1;4,0,3,-2,-1
brevegrave.cap	6,4,11,0;4,11,0,-2,-1;4,0,3,-2,-1
brevehook	6,0,9,0;4,9,33,-2,-1;4,33,18,0,-1;4,18,24,-2,-1;4,24,25,0,-1
brevehook.cap	6,16,23,0;4,23,15,-2,-1;4,15,0,0,-1;4,0,6,-2,-1;4,6,7,0,-1
brevetilde	6,0,9,0;4,9,32,-2,-1;4,32,37,-2,-1;4,37,21,0,-1;4,32,26,0,-1;4,21,28,-1,-1;4,32,39,-1,-1
brevetilde.cap	6,0,7,0;4,7,29,-2,-1;4,29,14,-1,-1;4,29,34,-2,-1;4,34,17,0,-1;4,29,22,0,-1;4,17,25,-1,-1
circumflexbreve	6,4,1,0;4,1,8,-2,-1;4,8,17,0,-1;4,17,20,-2,-1;4,20,14,-1,-1
circumflexbreve.cap	6,4,1,0;4,1,8,-2,-1;4,8,15,0,-1;4,15,18,-2,-1;4,18,12,-1,-1
commabelowcmb.alt	6,0,14,0;4,14,9,-2,-1;4,9,8,0,-1
dblhorzbxd	6,6,5,0;6,2,1,0
uphalfblock	8,2,0;4,2,1,-2,-1
dneighthblock	8,2,0;4,2,1,-2,-1
dnquarterblock	8,2,0;4,2,1,-2,-1
dnthreeeighthsblock	8,2,0;4,2,1,-2,-1
dnhalfblock	8,2,0;4,2,1,-2,-1
dnfiveeighthsblock	8,2,0;4,2,1,-2,-1
dnthreequartersblock	8,2,0;4,2,1,-2,-1
dnseveneighthsblock	8,2,0;4,2,1,-2,-1
fullblock	8,2,0;4,2,1,-2,-1
leftseveneighthsblock	8,2,0;4,2,1,-2,-1
leftthreequartersblock	8,2,0;4,2,1,-2,-1
leftfiveeighthsblock	8,2,0;4,2,1,-2,-1
lefthalfblock	8,2,0;4,2,1,-2,-1
leftthreeeighthsblock	8,2,0;4,2,1,-2,-1
leftquarterblock	8,2,0;4,2,1,-2,-1
lefteighthblock	8,2,0;4,2,1,-2,-1
righthalfblock	8,2,0;4,2,1,-2,-1
upeighthblock	8,2,0;4,2,1,0,-1
righteighthblock	8,2,0;4,2,1,-2,-1
dnleftquadrant	8,2,0;4,2,1,-2,-1
dnrightquadrant	8,2,0;4,2,1,-2,-1
upleftquadrant	8,2,0;4,2,1,-2,-1
upleftdnleftdnrightquadrant	8,5,0;4,5,0,-2,-1
upleftdnrightquadrant	8,6,0;4,6,0,-2,-1
upleftuprightdnleftquadrant	8,5,0;4,5,0,-2,-1
upleftuprightdnrightquadrant	8,2,0;4,2,1,-2,-1
uprightquadrant	8,2,0;4,2,1,-2,-1
uprightdnleftquadrant	8,2,0;4,2,4,-2,-1
uprightdnleftdnrightquadrant	8,4,0;4,4,3,-2,-1
