# Glyph name	TT hints
A	1,11,3;2,10,0;14,2,11,10,0;14,7,11,10,-1;4,10,14,-1,-1;4,2,16,0,-1
B	1,1,3;2,0,0;14,35,1,0,-1;4,35,21,0,-1;14,10,35,21,-1;4,1,27,0,-1;4,0,30,0,-1
C	1,10,3;2,0,0;4,10,17,0,-1;4,0,25,0,-1
D	1,1,3;2,0,0;4,0,12,0,-1;4,1,20,0,-1
E	1,1,3;2,0,0;4,1,3,0,-1;14,7,1,0,0;4,7,5,0,-1;4,0,10,0,-1
F	1,1,3;2,0,0;4,1,3,0,-1;14,7,1,0,0;4,7,5,0,-1
G	1,8,3;2,0,0;4,8,15,0,-1;4,0,23,0,-1;14,30,8,0,0;4,30,28,0,-1
H	1,1,3;2,0,0;14,10,0,1,0;4,10,3,0,-1;4,1,5,-1,-1;4,0,8,-1,-1
I	1,5,3;2,0,0;4,0,1,0,-1;4,5,4,0,-1;4,4,7,-1,-1;4,1,10,-1,-1
J	1,15,3;2,0,0;4,0,9,0,-1;4,15,13,0,-1
K	1,8,3;2,7,0;4,8,0,-1,-1;14,1,8,7,-1;4,7,2,-1,-1;14,4,7,8,-1;14,10,8,7,-1
L	1,1,3;2,0,0;4,0,3,0,-1
M	1,1,3;2,0,0;14,4,1,0,-1;4,1,8,-1,-1;4,0,9,-1,-1;14,17,0,1,-1;14,26,0,1,-1;14,35,1,0,-1
N	1,1,3;2,0,0;14,4,0,1,-1;4,1,12,-1,-1;4,0,13,-1,-1;14,17,1,0,-1
O	1,10,3;2,0,0;4,0,20,0,-1;4,10,27,0,-1
P	1,1,3;2,0,0;14,13,0,1,0;4,13,15,0,-1;4,1,23,0,-1
Q	1,26,3;2,18,0;6,15,39,0;4,18,0,0,-1;4,26,7,0,-1;4,18,36,-1,-1
R	1,1,3;2,0,0;14,15,1,0,0;4,15,18,0,-1;14,12,15,18,-1;4,0,13,-1,-1;4,1,25,0,-1
S	1,24,3;2,0,0;4,0,7,0,-1;14,13,24,0,-1;4,24,31,0,-1;14,37,0,24,-1
T	1,3,3;2,0,0;4,3,2,0,-1;4,2,6,-1,-1
U	1,9,3;2,0,0;4,0,17,0,-1;4,9,24,-1,-1
V	1,1,3;2,0,0;14,6,1,0,-1;4,1,14,-1,-1
W	1,1,3;2,0,0;14,8,1,0,-1;14,16,1,0,-1;14,22,0,1,-1;4,1,30,-1,-1;4,0,31,-1,-1;14,37,0,1,-1
X	1,2,3;2,0,0;14,7,2,0,-1;14,23,0,2,-1;14,1,7,23,-1;4,2,15,-1,-1;14,16,23,7,-1;4,0,17,-1,-1
Y	1,2,3;2,0,0;14,7,2,0,-1;4,7,1,0,-1;4,2,12,-1,-1;4,1,14,-1,-1
Z	1,5,3;2,0,0;4,0,9,0,-1;4,9,2,-1,-1;4,5,4,0,-1;4,4,7,-1,-1
a	1,8,0;2,0,0;14,12,8,0,-1;4,8,13,-1,0;4,0,16,-1,0;14,17,0,8,-1;4,0,21,0,-1;4,17,24,0,-1;4,12,25,0,-1;4,8,28,0,-1
b	1,14,0;1,7,4;2,0,0;14,4,0,14,-1;4,0,6,-1,0;14,10,14,0,-1;4,0,22,0,-1;4,14,30,0,-1;4,10,33,0,-1;4,4,34,0,-1
c	1,10,0;2,0,0;4,10,18,0,-1;4,0,28,0,-1
d	1,8,0;1,14,4;2,0,0;14,11,8,0,-1;4,0,17,-1,0;14,19,0,8,-1;4,0,22,0,-1;4,19,25,0,-1;4,11,26,0,-1;4,8,29,0,-1
e	1,10,0;2,0,0;14,18,10,0,0;4,0,24,0,-1;4,10,31,0,-1;4,18,36,0,-1
f	1,4,0;1,7,4;2,0,0;4,4,1,0,-1;4,7,14,0,-1;4,4,19,-1,-1;4,1,20,-1,-1
g	1,25,0;2,0,1;4,0,7,0,-1;14,17,25,0,-1;14,13,17,25,-1;14,29,25,17,-1;4,25,30,-1,0;4,17,37,0,-1;4,13,39,0,-1;4,29,40,0,-1;4,25,42,0,-1
h	1,1,4;1,8,0;2,0,0;14,4,8,0,-1;4,0,14,-1,-1;4,8,21,0,-1;4,4,24,0,-1
k	1,5,0;1,1,4;2,0,0;14,3,1,0,-1;14,7,1,0,-1;4,0,8,-1,-1;14,10,0,1,-1
l	1,9,4;2,0,0;4,9,7,0,-1;4,0,17,0,-1
m	1,7,0;2,0,0;4,7,2,-1,0;14,3,7,0,-1;4,7,11,-1,-1;14,9,11,0,-1;4,0,29,-1,-1;4,29,18,-1,-1;4,7,36,0,-1;4,36,25,-1,-1;4,9,28,0,-1;4,3,39,0,-1
n	1,9,0;2,0,0;4,9,1,-1,0;14,3,9,0,-1;4,0,15,-1,-1;4,9,22,0,-1;4,3,25,0,-1
o	1,10,0;2,0,0;4,0,20,0,-1;4,10,28,0,-1
p	1,7,0;2,15,0;2,0,1;4,7,2,-1,0;14,3,7,15,-1;14,18,15,7,-1;4,15,22,0,-1;4,7,30,0,-1;4,3,33,0,-1;4,18,34,0,-1
q	1,18,0;2,10,0;2,0,1;14,6,10,18,-1;14,22,18,10,-1;4,18,23,-1,0;4,10,26,0,-1;4,6,29,0,-1;4,22,30,0,-1;4,18,33,0,-1
r	1,7,0;2,0,0;4,7,2,-1,0;14,3,7,0,-1;4,7,12,0,-1;4,3,15,0,-1
s	1,21,0;2,0,0;4,0,7,0,-1;14,13,0,21,-1;4,21,28,0,-1;14,34,21,0,-1
t	1,10,0;2,0,0;4,10,7,0,-1;4,10,12,-2,-1;4,10,14,-1,-1;4,7,15,-1,-1;4,0,23,0,-1
u	1,6,0;2,0,0;4,0,13,0,-1;14,20,6,0,-1;4,20,15,0,-1;4,6,17,-1,-1;4,0,19,-1,0
v	1,1,0;2,0,0;14,6,1,0,-1;4,1,12,-1,-1
w	1,1,0;2,0,0;14,6,1,0,-1;14,12,1,0,-1;14,16,0,1,-1;4,1,22,-1,-1;4,0,23,-1,-1;14,29,0,1,-1
x	1,2,0;2,0,0;14,9,2,0,-1;14,24,0,2,-1;14,1,9,24,-1;4,2,17,-1,-1;14,18,24,9,-1;4,0,19,-1,-1
y	1,12,0;2,0,1;4,0,7,0,-1;14,19,12,0,-1;4,19,11,0,-1;4,12,27,-1,-1
z	1,4,0;2,0,0;4,0,7,0,-1;4,7,1,-1,-1;4,4,3,0,-1;4,3,6,-1,-1
Aogonek	1,14,3;2,13,0;6,0,24,0;4,13,9,-1,-1;14,32,14,13,0;4,32,11,0,-1;4,9,16,-1,-1;14,36,14,13,-1
AE	1,8,3;2,7,0;14,2,8,7,0;14,4,8,7,-1;4,8,10,0,-1;4,7,19,-1,-1;14,14,8,19,0;4,14,13,0,-1;4,19,17,0,-1;4,2,21,0,-1
Bstroke	1,5,3;2,0,0;4,0,25,0,-1;4,25,1,-2,-1;4,1,4,0,-1;4,4,31,-2,-1;4,31,36,0,-1;14,14,36,31,-1;4,4,33,-1,-1;4,1,34,-1,-1;4,5,43,0,-1
Dhook	1,15,3;2,0,0;4,15,33,0,-1;4,33,1,-1,-1;4,0,24,0,-1
Eogonek	1,10,3;2,9,0;6,0,29,0;4,10,12,0,-1;14,16,10,9,0;4,16,14,0,-1;4,9,19,0,-1;4,9,20,-1,-1
Ghook	1,31,3;2,23,0;6,40,47,0;4,31,4,0,-1;4,23,12,0,-1;14,17,31,23,0;4,17,19,0,-1
Hbar	1,3,3;2,18,0;6,2,19,0;4,2,6,-1,-1;4,3,8,-1,-1;4,6,10,-1,-1;4,19,22,-1,-1;4,22,11,-1,-1;4,18,13,-1,-1;14,15,3,18,0;4,15,20,0,-1
Iogonek	1,14,3;2,9,0;6,0,27,0;4,9,10,0,-1;4,14,13,0,-1;4,13,16,-1,-1;4,10,19,-1,-1;4,9,20,-1,-1
Lslash	1,3,3;2,12,0;4,12,10,0,-1
Oogonek	1,16,3;2,8,0;6,0,34,0;4,8,26,-1,-1;4,8,41,0,-1;4,16,48,0,-1
Ohorn	1,10,3;2,0,0;4,10,18,-2,-1;4,10,37,0,-1;14,23,10,37,-1;4,0,30,0,-1
Oslash	1,12,3;2,0,0;14,2,12,0,-1;14,27,12,0,-1;14,5,27,2,-1;14,14,0,12,-1;14,43,0,12,-1;14,17,43,14,-1;14,28,14,43,-1;4,12,30,0,-1;4,0,35,0,-1;14,44,2,27,-1
OE	1,8,3;2,0,0;4,8,21,0,-1;4,21,10,-1,-1;14,14,8,0,0;4,14,13,0,-1;4,0,20,0,-1;4,20,17,-1,-1
Germandbls	1,27,3;2,0,0;4,0,7,0,-1;14,13,27,0,0;4,13,14,0,-1;4,27,18,0,-1;4,0,23,-1,0;14,31,14,13,-1
Tbar	1,6,3;2,15,0;14,12,6,15,0;4,12,0,-1,-1;4,12,11,0,-1;4,11,3,-1,-1;4,6,4,0,-1;4,4,8,-1,-1
Uogonek	1,15,3;2,8,0;6,0,42,0;4,15,30,-1,-1;4,8,36,-1,-1
Uhorn	1,9,3;2,0,0;4,0,17,0,-1;4,9,24,-1,-1;4,24,31,-2,-1;4,24,37,-2,-1
Eth	1,5,3;2,0,0;14,1,5,0,0;4,1,4,0,-1;4,0,16,0,-1;4,5,24,0,-1;4,4,27,-1,-1;4,1,28,-1,-1
Thorn	1,1,3;2,16,0;6,14,18,0;6,24,4,0
Schwa	1,20,3;2,0,0;14,6,20,0,0;4,20,13,0,-1;4,0,28,0,-1;4,6,31,0,-1
Eng	1,26,3;2,0,0;4,0,7,0,-1;4,26,15,0,-1;4,0,20,-1,0;14,23,26,20,-1;4,23,18,0,-1;4,26,21,-1,0
IJ	1,1,3;2,0,0;6,4,10,0;4,1,14,-1,-1
Lcat	1,1,3;2,0,0;6,6,12,-1;4,0,3,0,-1;4,1,20,-1,-1;4,3,22,-1,-1;4,0,23,-1,-1
aogonek	1,21,0;2,13,0;6,0,34,0;4,13,8,-1,0;14,10,13,21,-1;14,24,21,13,-1;4,21,26,-1,0;4,8,28,-1,-1;4,13,40,0,-1;4,10,43,0,-1;4,24,44,0,-1;4,21,47,0,-1
ae	1,16,0;2,0,0;14,6,16,0,-1;4,16,9,0,-1;14,19,16,0,-1;4,16,22,-1,-1;14,30,16,0,-1;4,0,50,0,-1;4,50,37,-1,-1;4,0,44,-1,-1;14,47,16,0,-1;4,6,59,0,-1;4,9,65,-1,-1;4,30,68,0,-1
bstroke	1,11,4;2,0,0;4,11,10,-2,-1;4,10,7,0,-1;4,7,22,-2,-1;14,4,0,22,-1;4,0,5,-1,0;4,10,14,-1,-1;4,7,15,-1,-1;14,18,22,0,-1;4,0,30,0,-1;4,22,38,0,-1;4,18,41,0,-1;4,4,42,0,-1
dcaron	1,8,0;1,14,4;2,0,0;6,36,38,-1;14,11,8,0,-1;4,0,17,-1,0;14,19,0,8,-1;4,0,22,0,-1;4,19,25,0,-1;4,11,26,0,-1;4,8,28,0,-1
dcroat	1,18,4;2,0,0;4,18,20,-2,-1;4,20,23,0,-1;4,23,8,-2,-1;14,11,8,0,-1;4,0,25,-1,0;14,26,0,8,-1;4,0,30,0,-1;4,26,33,0,-1;4,11,34,0,-1;4,8,37,0,-1
eogonek	1,21,0;2,11,0;6,0,45,0;14,29,21,11,0;4,11,35,0,-1;4,21,52,0,-1;4,29,57,0,-1
hbar	1,5,4;2,0,0;4,5,4,-2,-1;4,4,1,0,-1;4,4,8,-1,-1;4,1,9,-1,-1;4,1,16,-2,-1;14,12,16,0,-1;4,0,22,-1,-1;4,16,29,0,-1;4,12,32,0,-1
dotlessi	1,9,0;2,0,0;4,9,7,0,-1;4,0,17,0,-1
kgreenlandic	1,1,0;2,0,0;14,3,1,0,-1;4,1,6,-1,-1;14,7,0,1,-1;4,0,8,-1,-1;14,10,1,0,-1
lslash	1,13,4;2,0,0;4,13,11,0,-1;4,0,25,0,-1
napostrophe	1,7,0;2,0,0;6,40,32,-1;4,7,2,-1,0;14,3,7,0,-1;4,0,14,-1,-1;4,7,21,0,-1;4,3,24,0,-1;4,32,27,-2,-1;4,27,26,-2,-1
oogonek	1,16,0;2,8,0;6,0,34,0;4,8,26,-1,-1;4,8,41,0,-1;4,16,49,0,-1
ohorn	1,10,0;2,0,0;4,10,18,-2,-1;4,10,39,0,-1;14,24,10,39,-1;4,0,31,0,-1
oslash	1,13,0;2,0,0;14,2,0,13,-1;14,29,13,0,-1;14,5,29,2,-1;14,15,0,13,-1;14,45,0,13,-1;14,18,45,15,-1;14,30,15,45,-1;4,13,32,0,-1;4,0,37,0,-1;14,46,2,29,-1
oe	1,8,0;2,0,0;14,10,8,0,-1;4,8,13,-1,-1;14,19,8,0,0;4,0,51,0,-1;4,51,26,-1,-1;4,0,33,-1,-1;14,36,0,8,-1;4,8,59,0,-1;4,59,39,-1,-1;4,19,42,0,-1
germandbls	1,36,4;2,0,0;4,0,7,0,-1;4,36,25,0,-1;4,0,30,-1,0
longs	1,4,0;1,7,4;2,0,0;4,4,1,0,-1;4,7,14,0,-1
tbar	1,6,0;2,30,0;4,6,8,-2,-1;14,15,8,30,0;4,15,13,0,-1;4,13,2,-1,-1;4,6,3,0,-1;4,6,10,-1,-1;4,3,11,-1,-1;4,30,23,0,-1;4,15,37,-1,-1
uogonek	1,21,0;2,15,0;6,0,39,0;4,15,8,-1,0;14,9,21,15,-1;4,15,28,0,-1;4,9,30,0,-1;4,21,32,-1,-1;4,8,33,-1,-1
uhorn	1,6,0;2,0,0;4,0,13,0,-1;14,33,6,0,-1;4,33,15,0,-1;4,6,17,-1,-1;4,17,24,-2,-1;4,17,30,-2,-1;4,0,32,-1,0
eth	1,21,4;2,0,0;6,10,41,0;14,13,21,0,-1;4,0,35,0,-1;4,13,38,0,-1
thorn	1,1,4;1,8,0;2,0,1;2,16,0;14,4,8,16,-1;14,19,16,8,-1;4,16,23,0,-1;4,8,31,0,-1;4,4,34,0,-1;4,19,35,0,-1
eng	1,28,0;2,19,0;2,0,1;4,0,5,0,-1;4,28,14,0,-1;14,22,28,19,-1;4,22,17,0,-1;4,28,21,-1,0
dotlessj	1,13,0;2,0,1;4,0,7,0,-1;4,13,11,0,-1
ij	1,1,0;2,0,0;2,18,1;6,4,12,-1;4,18,24,0,-1;4,1,28,-1,-1;4,4,35,-1,-1;4,12,43,-1,-1
lcat	1,11,4;2,0,0;6,26,32,-1;4,11,9,0,-1;4,0,19,0,-1;4,0,38,-1,-1;4,9,47,-1,-1;4,11,50,-1,-1;4,19,56,-1,-1
ijacute	1,1,0;2,0,0;2,4,1;6,21,23,-1;4,4,10,0,-1;4,1,14,-1,-1;4,21,25,-1,-1;4,23,27,-1,-1
aturned	1,0,0;2,20,0;14,8,0,20,0;4,20,13,0,-1;4,0,27,-1,0;14,28,0,20,-1;4,0,32,0,-1;4,28,35,0,-1;4,8,36,0,-1
alphalatinturned	1,13,0;2,0,0;14,4,0,13,-1;4,0,5,-1,0;4,13,8,-1,0;14,9,13,0,-1;4,0,21,0,-1;4,13,29,0,-1;4,9,32,0,-1;4,4,33,0,-1
bhook	1,26,0;1,12,4;2,0,0;14,4,0,26,-1;4,0,5,-1,0;4,12,18,0,-1;14,22,26,0,-1;4,0,34,0,-1;4,26,42,0,-1;4,22,45,0,-1;4,4,46,0,-1
oopen	1,25,0;2,0,0;4,0,8,0,-1;4,25,18,0,-1
ccurl	1,22,0;2,47,0;4,47,0,0,-1;4,0,6,-2,-1;4,6,39,0,-1;14,37,39,47,-1;14,49,47,39,-1;14,8,37,49,-1;4,47,11,-2,-1;14,14,49,37,-1;4,22,30,0,-1
dtail	1,18,0;1,24,4;2,0,1;2,10,0;14,6,10,18,-1;14,21,18,10,-1;4,0,32,0,-1;4,10,39,0,-1;4,6,42,0,-1;4,21,43,0,-1;4,18,46,0,-1
dhook	1,8,0;1,18,4;2,0,0;14,11,8,0,-1;4,18,25,0,-1;4,0,30,-1,0;14,31,0,8,-1;4,0,35,0,-1;4,31,38,0,-1;4,11,39,0,-1;4,8,42,0,-1
ereversed	1,28,0;2,9,0;4,28,0,0,-1;14,20,28,9,0;4,20,4,0,-1;4,9,16,0,-1
bsmall	1,1,0;2,0,0;14,27,1,0,0;4,27,29,0,-1;14,11,29,27,-1;4,0,21,0,-1;4,1,36,0,-1
schwa	1,17,0;2,0,0;14,6,17,0,0;4,17,10,0,-1;4,0,27,0,-1;4,6,30,0,-1
schwahookrhotic	1,15,0;2,0,0;6,30,23,0;14,5,15,0,-1;14,6,15,0,-1;4,15,8,0,-1;14,18,15,0,-1;14,36,15,0,-1;4,0,44,0,-1;14,48,0,15,-1;14,49,0,15,-1
eopen	1,17,0;2,0,0;14,31,17,0,0;4,31,29,0,-1;14,8,29,31,-1;4,17,23,0,-1;4,0,38,0,-1
eopenreversed	1,29,0;2,0,0;4,0,7,0,-1;14,14,29,0,0;4,14,16,0,-1;4,29,22,0,-1;14,37,16,14,-1
eopenreversedclosed	1,10,0;2,0,0;14,34,10,0,0;4,34,35,0,-1;14,19,35,34,-1;4,0,27,0,-1;4,10,42,0,-1
dotlessjstroke	1,17,0;2,0,1;6,11,14,0;4,0,7,0,-1;4,17,15,0,-1;4,14,20,-1,-1;4,11,21,-1,-1
ghook	1,25,0;2,0,1;6,35,42,0;4,0,7,0,-1;14,17,25,0,0;14,13,17,25,-1;14,28,25,17,-1;4,17,51,0,-1;4,13,53,0,-1;4,28,54,0,-1;4,25,56,0,-1
gsmall	1,10,0;2,0,0;6,32,33,0;4,10,17,0,-1;4,0,27,0,-1
gammalatin	1,9,0;2,0,1;14,14,0,9,-1;14,35,9,0,-1;14,8,14,35,-1;4,9,20,-1,-1;14,21,35,14,-1;4,0,29,0,-1
ramshorn	1,15,0;2,0,0;14,18,15,0,-1;14,45,0,15,-1;14,6,18,45,-1;4,15,8,0,-1;4,15,21,-1,-1;4,8,28,-1,-1;14,31,45,18,-1;4,0,39,0,-1
hturned	1,12,0;2,0,1;2,6,0;14,3,12,6,-1;4,6,19,0,-1;4,3,22,0,-1;4,12,24,-1,-1
hhook	1,20,0;1,6,4;2,0,0;4,6,12,0,-1;14,16,20,0,-1;4,0,26,-1,-1;4,20,33,0,-1;4,16,36,0,-1
henghook	1,39,0;1,25,4;2,19,0;2,0,1;4,0,5,0,-1;4,39,14,0,-1;14,35,39,19,-1;4,35,17,0,-1;4,25,31,0,-1
hsmall	1,1,0;2,0,0;14,9,1,0,0;4,9,3,0,-1;4,1,6,-1,-1;4,0,7,-1,-1
ismall	1,5,0;2,0,0;4,0,1,0,-1;4,5,4,0,-1;4,4,7,-1,-1;4,1,10,-1,-1
kturned	1,6,0;2,12,1;2,3,0;14,1,6,3,-1;14,5,6,3,-1;14,8,3,6,-1;4,1,9,0,-1;4,6,11,-1,-1
lbelt	1,12,4;2,31,0;14,14,12,31,0;4,14,17,0,-1;4,17,0,-1,-1;4,14,39,-1,-1;4,39,42,-2,-1;4,42,6,0,-1;4,12,10,0,-1;4,31,24,0,-1
lretroflex	1,9,4;2,0,1;4,9,7,0,-1;4,0,17,0,-1
lezh	1,26,0;1,24,4;2,0,1;2,23,0;4,0,7,0,-1;14,15,26,0,0;4,15,29,0,-1;4,29,19,-1,-1;4,26,20,0,-1;4,20,28,-1,-1
lsmall	1,1,0;2,0,0;4,0,4,0,-1
mturned	1,18,0;2,11,0;4,18,30,-1,-1;4,30,0,-1,-1;4,11,7,-1,-1;4,7,2,-1,0;14,3,18,11,-1;14,9,11,18,-1;4,11,25,0,-1;4,9,28,0,-1;4,25,36,-1,-1;4,3,39,0,-1
mlonglegturned	1,19,0;2,12,0;2,0,1;4,12,8,-1,-1;4,19,32,-1,-1;14,4,8,32,-1;14,10,19,12,-1;4,12,27,0,-1;4,10,30,0,-1;4,27,39,-1,-1;4,4,42,0,-1;4,32,44,-1,-1
mhook	1,39,0;2,32,0;2,0,1;4,0,7,0,-1;4,39,27,0,-1;4,27,16,-1,-1;14,41,32,39,-1;4,41,19,0,-1;4,32,20,-1,-1;14,35,39,32,-1;4,35,30,0,-1;4,39,34,-1,0;4,39,43,-1,-1
nhookleft	1,18,0;2,0,1;2,25,0;4,0,6,0,-1;4,18,11,-1,0;14,12,18,25,-1;4,18,31,0,-1;4,12,34,0,-1
nretroflex	1,25,0;2,16,0;2,0,1;4,25,11,0,-1;14,19,25,16,-1;4,19,14,0,-1;4,25,18,-1,-1;4,0,37,0,-1
nsmall	1,1,0;2,0,0;14,7,0,1,-1;4,1,12,-1,-1;4,0,13,-1,-1;14,19,1,0,-1
oesmall	1,10,0;2,0,0;4,10,14,-1,0;4,0,23,-1,0;14,20,14,23,0;4,20,18,0,-1;4,23,21,0,-1;4,0,27,0,-1;4,10,32,0,-1
philatin	1,30,4;1,29,0;2,18,1;2,19,0;4,19,3,0,-1;4,29,4,0,-1;4,4,12,-1,-1;4,3,13,-1,-1;4,29,32,-1,-1;4,19,42,-1,-1
rturned	1,16,0;2,7,0;4,7,2,-1,0;14,3,16,7,-1;4,7,12,0,-1;4,3,15,0,-1
rlonglegturned	1,10,4;2,0,0;4,0,6,0,-1;14,15,10,0,-1;4,15,9,0,-1;4,0,13,-1,0
rhookturned	1,23,0;2,10,0;2,0,1;14,6,23,10,-1;4,10,17,0,-1;4,6,22,0,-1;4,0,30,0,-1
rtail	1,13,0;2,0,1;4,13,8,-1,0;14,9,13,0,-1;4,13,19,0,-1;4,9,22,0,-1;4,0,29,0,-1
rfishhook	1,6,0;2,0,0;4,6,13,0,-1
rsmall	1,1,0;2,0,0;14,13,1,0,0;4,13,16,0,-1;14,10,16,13,-1;4,0,11,-1,-1;4,1,22,0,-1
rsmallinverted	1,11,0;2,2,0;4,11,0,-1,-1;14,16,11,2,0;4,16,13,0,-1;14,10,13,16,-1;4,2,23,0,-1
shook	1,26,0;2,49,0;2,0,1;4,49,12,0,-1;14,18,49,26,-1;4,26,33,0,-1;14,39,26,49,-1;4,0,57,0,-1
esh	1,16,4;2,0,1;4,0,7,0,-1;4,16,23,0,-1
dotlessjstrokehook	1,20,4;2,0,1;6,11,14,0;4,0,7,0,-1;4,20,27,0,-1;4,14,32,-1,-1;4,11,33,-1,-1
tturned	1,0,0;2,14,0;4,14,16,0,-1;4,16,8,-1,-1;4,14,10,-1,-1;4,14,11,-2,-1;4,0,23,0,-1
tretroflex	1,10,0;2,0,1;4,10,7,0,-1;4,10,12,-2,-1;4,10,14,-1,-1;4,7,15,-1,-1;4,0,23,0,-1
ubar	1,20,0;2,10,0;4,10,0,0,-1;14,32,10,20,-1;4,32,2,0,-1;14,3,20,10,0;4,3,16,-1,-1;4,3,23,0,-1;4,23,19,-1,-1;4,20,25,-1,-1;4,23,27,-1,-1;4,3,28,-1,-1;4,10,31,-1,0
upsilonlatin	1,13,0;2,0,0;4,13,12,0,-1;4,12,15,-1,-1;4,0,21,0,-1;4,12,31,-1,-1;4,31,28,-1,-1;4,13,30,-1,-1
vhook	1,29,0;2,0,0;4,29,7,-1,0;4,0,15,0,-1;4,29,22,0,-1
vturned	1,13,0;2,12,0;4,12,1,-1,-1;14,7,13,12,-1
wturned	1,23,0;2,22,0;4,23,0,-1,-1;4,22,1,-1,-1;14,7,22,23,-1;14,12,22,23,-1;14,17,23,22,-1;14,28,23,22,-1
yturned	1,6,4;2,0,0;4,6,13,0,-1;14,25,6,0,-1;4,25,17,0,-1;4,0,18,-1,-1
ysmall	1,2,0;2,0,0;14,7,2,0,-1;4,7,1,0,-1;4,2,13,-1,-1;4,1,14,-1,-1
zretroflex	1,13,0;2,9,0;2,0,1;4,9,17,0,-1;4,17,10,-1,-1;4,13,11,0,-1;4,11,15,-1,-1;4,0,23,0,-1
zcurl	1,9,0;2,5,0;4,5,0,-2,-1;4,5,14,0,-1;4,14,6,-1,-1;4,9,7,0,-1;4,7,11,-1,-1;4,14,29,-1,-1;4,29,34,-2,-1;4,34,17,0,-1;4,5,26,-1,-1
ezh	1,22,0;2,0,1;4,0,7,0,-1;14,15,22,0,0;4,15,25,-2,-1;4,25,19,-1,-1;4,22,20,0,-1
dezh	1,51,0;1,59,0;1,57,4;2,43,0;2,15,1;4,43,0,0,-1;14,39,43,51,-1;4,39,3,0,-1;14,55,51,43,-1;4,55,4,0,-1;4,51,7,0,-1;4,15,22,0,-1;14,30,59,15,0;4,30,62,0,-1;4,62,34,-1,-1;4,59,35,0,-1;4,43,38,-1,0;4,35,61,-1,-1
ts	1,12,0;2,0,0;4,12,9,0,-1;4,12,18,-1,0;4,18,25,0,-1;14,28,18,0,-1;4,0,40,0,-1;14,45,0,18,-1;4,9,55,-1,-1
tesh	1,42,4;1,32,0;2,22,0;2,0,1;4,0,6,0,-1;4,32,29,0,-1;4,29,10,-1,-1;4,22,16,0,-1;4,32,34,-2,-1;4,32,36,-1,-1;4,42,49,0,-1
glottalstop	1,18,4;2,0,0;4,18,9,0,-1
glottalstopreversed	1,9,4;2,0,0;4,9,16,0,-1
glottalstopstroke	1,21,4;2,0,0;6,1,4,0;4,21,12,0,-1;4,4,30,-1,-1;4,1,32,-1,-1
glottalstopstrokereversed	1,11,4;2,0,0;6,4,1,0;4,11,18,0,-1;4,4,27,-1,-1;4,1,28,-1,-1
clickalveolar	1,11,4;2,0,1;6,1,5,0;6,6,10,0;4,10,14,-1,-1;4,6,15,-1,-1;4,5,18,-1,-1;4,1,19,-1,-1
clickbilabial	1,10,4;2,0,0;4,0,20,0,-1;4,10,27,0,-1;14,34,10,0,0;4,34,40,-2,-1
Eng.a	1,20,3;2,19,0;6,0,6,0;4,19,9,-1,-1;14,12,20,19,-1;14,24,19,20,-1;4,20,31,-1,-1
a.a	1,20,0;2,0,0;14,8,20,0,0;4,20,13,0,-1;4,0,27,-1,0;14,28,20,0,-1;4,0,32,0,-1;4,28,35,0,-1;4,8,36,0,-1
aogonek.a	1,33,0;2,13,0;6,0,45,0;4,13,8,-1,0;14,9,33,13,-1;14,21,33,13,0;4,33,26,0,-1;4,8,39,-1,-1;4,13,51,0,-1;4,9,54,0,-1;4,21,55,0,-1
g.a	1,22,0;2,0,1;2,76,0;14,34,22,76,0;14,8,34,76,-1;14,15,22,76,-1;4,22,25,-1,0;4,22,62,0,-1;4,62,26,-1,0;14,37,76,22,-1;4,76,44,0,-1;4,34,54,0,-1;4,0,70,0,-1;14,79,76,34,-1
iogonek.d	1,18,0;2,7,0;6,0,36,0;4,18,16,0,-1;4,7,26,0,-1
istroke.d	1,5,0;2,24,0;14,31,5,24,0;4,31,2,0,-1;4,5,3,0,-1;4,2,8,-1,-1;4,31,9,-1,-1;4,24,17,0,-1
jcrossedtail.d	1,16,0;2,5,1;4,5,0,-2,-1;4,5,24,0,-1;4,24,29,-2,-1;4,29,11,0,-1;14,2,5,11,-1;14,13,11,5,-1;4,16,14,0,-1;14,20,2,13,-1;14,27,13,2,-1
pi	1,7,0;2,25,0;4,25,1,-1,0;4,7,4,0,-1;4,4,33,-1,-1;4,33,9,-1,-1;4,25,18,0,-1
numero	1,19,2;2,0,0;6,70,71,0;6,62,46,0;4,0,4,0,-1;4,19,8,-1,0;14,11,0,8,-1;4,19,23,0,-1;4,0,28,-1,0;14,31,8,0,-1;4,71,38,-2,-1;4,38,54,0,-1
ampersand	1,15,3;2,0,0;14,44,15,0,-1;14,57,0,15,-1;14,8,44,57,-1;14,23,57,44,-1;14,26,15,0,-1;14,39,0,15,-1;14,33,39,26,-1;4,0,37,-1,-1;4,37,36,0,-1;4,15,50,0,-1;4,0,53,0,-1;14,55,26,39,-1
zero	1,10,2;2,0,0;4,0,20,0,-1;4,10,28,0,-1;14,36,10,0,0;4,36,42,-2,-1
one	1,8,2;2,0,0;4,0,1,0,-1;4,8,3,-1,-1;4,1,11,-1,-1
two	1,16,2;2,0,0;4,0,28,0,-1;4,28,1,-1,-1;4,16,9,0,-1
three	1,31,2;2,0,0;4,0,7,0,-1;14,15,31,0,0;4,15,16,-2,-1;4,31,24,0,-1;14,40,16,15,-1
four	1,4,2;2,0,0;6,12,1,0;4,12,11,-1,-1;4,11,3,-1,-1;4,12,6,-1,-1;4,1,9,-1,-1;14,17,4,0,-1
five	1,22,2;2,0,0;4,0,7,0,-1;14,28,22,0,0;4,28,15,0,-1;14,26,28,0,-1;4,26,21,-1,-1;4,22,24,0,-1
six	1,10,2;2,0,0;4,10,18,0,-1;14,28,10,0,0;14,23,28,0,-1;4,0,38,0,-1;4,28,46,0,-1;4,23,49,0,-1
seven	1,7,2;2,0,0;4,7,5,0,-1;4,5,9,-1,-1
eight	1,15,2;2,0,0;14,56,15,0,-1;4,56,6,-2,-1;14,34,0,15,-1;4,34,24,-2,-1;4,15,40,0,-1;4,0,46,0,-1
nine	1,46,2;2,17,0;14,36,46,17,0;4,36,0,0,-1;4,46,9,0,-1;4,17,26,0,-1;14,31,17,46,-1
zero.0	1,10,2;2,0,0;4,10,20,0,-1;14,22,10,0,-1;14,23,0,10,-1;4,0,29,0,-1;14,32,0,10,-1;14,33,10,0,-1
zero.onum	1,10,1;2,0,0;4,0,20,0,-1;4,10,28,0,-1;14,36,10,0,0;4,36,44,-2,-1
one.onum	1,8,1;2,0,0;4,0,1,0,-1;4,8,3,-1,-1;4,1,11,-1,-1
two.onum	1,18,1;2,0,0;4,0,32,0,-1;4,32,1,-1,-1;4,18,9,0,-1
three.onum	1,33,1;6,0,9,0;14,17,33,0,-1;4,17,18,0,-1;4,33,26,0,-1;14,41,17,18,-1
four.onum	8,0,0;1,4,1;6,8,7,0;4,8,1,-1,-1;4,7,12,-1,-1;14,16,4,0,-1
five.onum	1,24,1;6,0,11,0;14,31,24,0,0;4,31,17,0,-1;14,28,31,0,-1;4,28,23,-1,-1;4,24,26,0,-1
seven.onum	8,0,0;1,7,1;4,7,5,0,-1;4,5,9,-1,-1
nine.onum	1,44,1;6,17,26,0;14,34,44,17,0;4,34,0,0,-1;14,29,44,17,-1;4,29,3,0,-1;4,44,9,0,-1
zero.0o	1,10,1;2,0,0;4,10,20,0,-1;14,22,10,0,-1;14,23,0,10,-1;4,0,29,0,-1;14,31,0,10,-1;14,32,10,0,-1
zero.cap	1,8,3;2,0,0;4,0,16,0,-1;4,8,24,0,-1;14,32,8,0,0;4,32,38,-2,-1
one.cap	1,9,3;2,0,0;4,0,1,0,-1;4,9,4,-1,-1;4,1,11,-1,-1
two.cap	1,16,3;2,0,0;4,0,30,0,-1;4,30,1,-1,-1;4,16,9,0,-1
three.cap	1,31,3;2,0,0;4,0,7,0,-1;14,15,31,0,0;4,15,16,0,-1;4,31,24,0,-1;14,40,16,15,-1
four.cap	1,4,3;2,0,0;4,0,1,-2,-1;4,1,12,0,-1;4,12,3,-1,-1;4,12,7,-1,-1;4,1,8,-1,-1;14,16,4,0,-1
five.cap	1,22,3;2,0,0;4,0,7,0,-1;14,28,22,0,0;4,28,15,0,-1;14,26,28,0,-1;4,26,21,-1,-1;4,22,24,0,-1
six.cap	1,10,3;2,0,0;4,10,18,0,-1;14,26,10,0,0;14,23,26,0,-1;4,0,36,0,-1;4,26,44,0,-1;4,23,47,0,-1
seven.cap	1,7,3;2,0,0;4,7,5,0,-1;4,5,9,-1,-1
eight.cap	1,15,3;2,0,0;6,53,34,0;14,6,34,53,-1;14,23,53,34,-1;4,15,39,0,-1;4,0,45,0,-1
nine.cap	1,43,3;2,17,0;14,33,43,17,0;4,33,0,0,-1;14,28,33,43,-1;4,28,3,0,-1;4,43,9,0,-1;4,17,25,0,-1
zero.0c	1,8,3;2,0,0;4,8,16,0,-1;14,19,8,0,-1;14,20,0,8,-1;4,0,26,0,-1;14,29,0,8,-1;14,30,8,0,-1
period	2,0,0;4,0,8,-2,-1
comma	2,6,0;4,6,1,-2,-1;4,1,0,-2,-1;4,6,14,-2,-1
ellipsis	2,0,0;4,0,8,-2,-1;4,0,16,-1,-1;4,8,24,-1,-1;4,16,32,-1,-1;4,24,40,-1,-1
exclam	1,2,3;2,6,0;4,6,14,-2,-1;4,14,0,-2,-1
exclamdown	1,6,0;2,3,1;4,6,14,-2,-1;4,14,5,-2,-1
question	1,18,3;2,34,0;4,34,42,-2,-1;4,42,0,-2,-1;4,18,11,0,-1
questiondown	1,34,0;2,18,1;4,18,11,0,-1;4,34,42,-2,-1;4,42,33,-2,-1
quoteleft	6,0,14,-1;4,14,9,-2,-1;4,9,8,-2,-1
quoteright	6,14,6,-1;4,6,1,-2,-1;4,1,0,-2,-1
quotereversed	6,8,16,-1;4,16,22,-2,-1;4,22,0,-2,-1
endash	6,0,1,0
emdash	6,0,1,0
figuredash	6,0,1,0
underscore	6,0,1,0
overline	6,0,1,0
undertie	6,0,9,0
bracketleft	6,7,6,0;6,3,2,0
bracketright	6,0,1,0;6,4,5,0
braceleft	6,52,51,0;6,12,13,0;6,28,27,0;14,39,13,12,-1
braceright	6,0,1,0;6,25,24,0;6,39,38,0;14,12,38,39,-1
slash	1,1,4;4,1,3,-2,-1
bar	6,3,2,-2
backslash	1,1,4;4,1,3,-2,-1
brokenbar	6,3,6,-2
asterisk	8,0,0;14,2,0,6,-1;4,2,5,0,-1;4,5,8,-1,-1;4,2,11,-1,-1;4,0,13,-1,-1
dagger	6,1,4,0;4,4,6,-2,-1;4,4,7,-1,-1;4,1,10,-1,-1
daggerdbl	6,6,9,0;6,1,4,0;4,9,11,-2,-1;4,9,12,-1,-1;4,6,15,-1,-1;4,4,17,-1,-1;4,1,20,-1,-1;4,1,21,-2,-1
section	6,30,37,0;6,0,7,0;14,70,30,0,-1;4,70,23,0,-1;14,61,0,30,-1;4,61,51,0,-1
questiondbl	1,16,3;2,29,0;4,29,37,-2,-1;4,37,0,-2,-1;4,16,10,0,-1;4,0,45,-1,-1;4,10,55,-1,-1;4,16,61,-1,-1;4,29,74,-1,-1;4,37,82,-1,-1
exclamquestion	1,47,3;2,51,0;4,51,59,-2,-1;4,59,45,-2,-1;4,45,0,-1,-1;4,47,16,-1,0;4,16,10,0,-1;4,51,29,-1,-1;4,59,37,-1,-1
questionexclam	1,47,3;2,29,0;4,29,37,-2,-1;4,37,0,-2,-1;4,47,16,-1,0;4,16,10,0,-1;4,0,45,-1,-1;4,29,51,-1,-1;4,37,59,-1,-1
interrobang	1,20,3;2,33,0;4,33,41,-2,-1;4,41,0,-2,-1;4,20,13,0,-1;4,13,2,-2,-1;14,5,20,33,-1
interrobangdown	1,33,0;2,20,1;4,20,13,0,-1;4,13,3,-2,-1;14,5,33,20,-1;4,33,41,-2,-1;4,41,32,-2,-1
ceilingleft	6,2,3,0
ceilingright	6,3,2,0
floorleft	6,4,5,0
floorright	6,1,0,0
bracketleftwhite	6,2,3,0;6,6,7,0
bracketrightwhite	6,5,4,0;6,1,0,0
brackhalftopleft	6,2,3,0
brackhalftopright	6,3,2,0
brackhalfbotleft	6,4,5,0
brackhalfbotright	6,1,0,0
copyright	1,10,3;2,0,0;4,0,20,0,-1;4,10,28,0,-1;4,20,36,-2,-1;4,28,44,-2,-1;4,44,50,0,-1;4,36,57,0,-1
soundcopyright	1,10,3;2,0,0;6,58,52,0;4,0,20,0,-1;4,10,30,0,-1;4,52,40,-2,-1;4,30,41,-2,-1;4,41,55,0,-1
trademark	8,7,0;6,2,3,0;6,22,13,0;4,2,5,-1,-1;4,7,8,-1,-1;4,3,9,-1,-1;4,3,15,-1,-1;4,15,10,-1,-1;4,8,18,-1,-1;4,15,21,0,-1;4,21,24,-1,-1
servicemark	6,19,26,0;6,0,7,0;6,56,41,0;14,13,0,19,-1;14,31,19,0,-1;4,19,39,-1,-1;4,39,45,-1,-1;4,0,64,-1,-1;4,64,46,-1,-1;4,39,57,0,-1;4,57,54,-1,-1
at	8,19,0;6,10,39,0;6,0,49,0;6,23,55,0;4,23,18,-1,0;14,31,10,23,0;14,20,31,23,-1;4,19,57,0,-1;4,31,58,0,-1
at.case	8,16,0;1,10,3;2,0,0;6,20,44,0;4,20,15,-1,0;14,26,10,20,0;14,17,26,20,-1;4,10,29,0,-1;4,0,37,0,-1;4,16,47,0,-1;4,26,48,0,-1
numbersign	1,13,2;1,17,2;2,4,0;2,0,0;6,6,7,0;6,10,11,0;4,6,1,-1,-1;4,11,16,-1,-1;4,16,20,-1,-1;4,10,29,-1,-1;4,29,21,-1,-1;4,7,28,-1,-1;4,28,24,-1,-1;4,1,25,-1,-1
asterisk.a	8,0,0;1,6,4;14,2,6,0,-1;4,2,5,-2,-1;4,5,8,-1,-1;4,0,13,-1,-1;4,2,14,-2,-1
hyphen.a	6,0,1,0
dollar.a	6,41,7,0;6,17,10,0;14,3,41,17,-1;14,15,17,41,-1;4,17,21,-2,-1;4,15,31,-2,-1;4,41,44,-2,-1;4,3,53,-2,-1
zero.subs	6,0,20,0;6,28,10,0
one.subs	6,0,1,0;6,11,4,0;4,1,13,-1,-1
two.subs	6,0,21,0;6,14,7,0;4,21,1,-1,-1
three.subs	6,0,7,0;6,13,14,0;6,29,22,0;14,35,14,13,-1
four.subs	8,0,0;8,4,0;6,1,7,0;4,7,3,-1,-1;4,7,11,-1,-1;4,1,12,-1,-1
five.subs	6,17,19,0;6,24,13,0;6,0,7,0
six.subs	6,0,30,0;6,35,22,0;6,16,10,0
seven.subs	8,0,0;6,7,5,0;4,5,9,-1,-1
eight.subs	6,0,44,0;6,50,32,0;6,38,17,0;14,8,32,50,-1;14,24,50,32,-1
nine.subs	6,11,17,0;6,23,0,0;6,6,31,0
period.subs	6,0,6,0
comma.subs	6,11,5,0;4,5,1,-2,-1;4,1,0,-2,-1
zero.dnom	2,0,0;6,8,22,0;4,0,16,0,-1
one.dnom	2,0,0;6,1,6,0
two.dnom	2,0,0;6,15,8,0;4,0,24,0,-1;4,24,1,-1,-1
three.dnom	2,0,0;6,13,14,0;6,20,27,0;4,0,7,0,-1;14,33,14,13,-1
four.dnom	8,4,0;2,0,0;6,1,7,0;4,7,3,-1,-1;4,7,11,-1,-1;4,1,12,-1,-1
five.dnom	6,0,7,0;6,12,24,0;6,17,19,0
six.dnom	2,0,0;6,34,21,0;6,15,8,0;4,0,29,0,-1
seven.dnom	2,0,0;6,3,6,0;4,3,7,-1,-1
eight.dnom	2,0,0;6,43,27,0;6,32,14,0;14,6,27,43,-1;14,21,43,27,-1;4,0,37,0,-1
nine.dnom	2,11,0;6,23,0,0;6,5,31,0;4,11,18,0,-1
period.dnom	6,0,6,0
comma.dnom	2,5,0;4,5,1,-2,-1;4,1,0,-2,-1;4,5,11,0,-1
hyphen.sups	6,0,1,0
endash.sups	6,0,1,0
emdash.sups	6,0,1,0
currency	6,29,32,0;6,40,13,0
dollar	6,1,8,0;6,32,22,0;4,22,24,-2,-1;4,1,49,-2,-1;14,14,24,49,-1;4,22,25,-1,-1;14,38,49,24,-1;4,1,48,-1,-1
sterling	1,15,2;2,0,0;4,0,36,0,-1;4,36,1,-1,-1;14,30,15,0,0;4,30,4,-1,-1;4,30,29,-2,-1;4,29,7,-1,-1;4,15,22,0,-1
yen	1,9,2;2,0,0;14,5,9,0,0;4,5,4,-2,-1;4,4,1,-2,-1;4,5,8,-2,-1;14,14,9,0,-1;4,9,20,-1,-1;4,8,22,-1,-1;4,5,23,-1,-1;4,4,26,-1,-1;4,1,27,-1,-1
Euro	1,17,2;2,0,0;14,29,17,0,0;4,29,34,-2,-1;4,34,35,-2,-1;4,35,3,-1,-1;4,34,6,-1,-1;4,29,9,-1,-1;4,29,28,-2,-1;4,28,12,-1,-1;4,17,24,0,-1;4,0,39,0,-1
cent	6,7,2,0;6,3,15,0;4,15,17,-2,-1;4,15,18,-1,-1;4,3,25,-1,-1;4,2,26,-1,-1;4,7,33,-1,-1;4,7,34,-2,-1
florin	1,23,3;6,0,7,0;6,36,35,0;4,36,13,-1,-1;4,35,17,-1,-1;4,23,30,0,-1
colonmonetary	1,36,2;2,19,0;4,36,3,0,-1;4,19,6,0,-1;4,36,34,-2,-1;14,12,19,34,-1;14,13,34,19,-1;4,19,24,-2,-1;4,34,40,-1,-1;14,48,34,19,-1;14,49,19,34,-1;4,24,57,-1,-1
lira	1,20,2;2,0,0;6,8,11,-1;4,0,45,0,-1;4,45,1,-1,-1;4,8,4,-2,-1;4,11,14,-2,-1;4,20,27,0,-1;4,14,32,-1,-1;4,11,33,-1,-1;4,8,38,-1,-1;4,4,39,-1,-1
naira	1,19,2;2,8,0;6,12,14,-1;14,0,19,8,-1;4,14,18,-2,-1;4,18,2,-1,-1;14,4,8,19,-1;4,12,9,-2,-1;4,9,35,-1,-1;4,35,6,-1,-1;4,2,22,-1,-1;4,19,24,-1,-1;4,22,26,-1,-1;4,14,43,-1,-1;4,43,39,-1,-1;4,39,27,-1,-1;4,12,42,-1,-1;4,42,38,-1,-1;4,38,30,-1,-1;4,6,31,-1,-1;4,8,33,-1,-1
peseta	1,5,2;2,0,0;4,5,27,0,-1;4,27,24,-2,-1;4,24,32,-2,-1;4,32,2,-1,-1;4,24,4,-1,-1;4,24,12,-1,-1;4,32,13,-1,-1;4,32,28,-2,-1;4,28,20,0,-1
won	1,13,2;2,8,0;14,0,8,13,-1;14,9,13,8,0;4,9,12,0,-1;4,12,16,-1,-1;4,16,2,-1,-1;4,8,27,-1,-1;14,4,27,13,-1;4,9,34,-1,-1;4,34,29,-1,-1;4,29,6,-1,-1;14,18,13,27,-1;4,2,20,-1,-1;4,13,22,-1,-1;4,20,24,-1,-1;4,6,25,-1,-1;14,32,13,8,-1
dong	2,43,0;6,36,8,0;4,43,44,0,-1;4,44,0,-2,-1;4,8,14,-2,-1;4,14,15,0,-1;4,15,18,-2,-1;4,15,20,-1,-1;4,14,22,-1,-1;4,0,24,-1,0;4,0,29,0,-1
peso	1,9,2;2,0,0;4,9,34,0,-1;4,34,31,-2,-1;4,31,44,-2,-1;4,44,45,-1,-1;4,45,39,-2,-1;4,39,1,-1,-1;4,45,4,-1,-1;4,44,5,-1,-1;4,31,8,-1,-1;4,31,14,-1,-1;4,44,15,-1,-1;4,45,20,-1,-1;4,39,21,-1,-1;4,39,35,-2,-1;4,35,28,0,-1
guarani	1,9,2;2,1,0;6,32,33,0;4,9,11,-2,-1;4,9,12,-1,-1;4,9,19,0,-1;4,1,27,0,-1;4,1,38,-1,-1;4,1,39,-2,-1
hryvnia	1,31,2;2,0,0;6,11,14,-1;4,11,7,-2,-1;4,14,18,-2,-1;4,31,24,0,-1;4,18,39,-1,-1;4,14,40,-1,-1;4,11,45,-1,-1;4,7,46,-1,-1;4,0,53,0,-1
cedi	1,18,2;2,10,0;4,10,3,0,-1;4,18,4,0,-1;4,18,21,-1,-1;4,4,28,-1,-1;4,3,29,-1,-1;4,10,35,-1,-1
rupeeindian	1,14,2;2,28,0;14,0,14,28,0;4,0,1,0,-1;4,14,21,-2,-1;4,21,22,0,-1;4,22,6,-1,-1;4,21,8,-1,-1;4,14,13,0,-1;4,14,16,0,-1;14,26,0,1,-1
liraturkish	1,9,2;2,0,0;14,15,0,9,-1;4,15,18,-1,-1;4,18,1,-1,-1;4,15,4,-1,-1;4,4,2,-1,-1;4,4,14,-1,-1;4,14,5,-1,-1;4,14,11,-1,-1;4,11,8,-1,-1;4,8,6,-1,-1;4,14,12,-1,-1;4,18,16,-1,-1;4,0,19,0,-1
tugrik	1,11,2;2,0,0;14,19,11,0,-1;4,19,22,-1,-1;4,22,1,-1,-1;4,19,4,-1,-1;4,4,2,-1,-1;4,19,18,-1,-1;4,18,5,-1,-1;4,18,15,-1,-1;4,15,8,-1,-1;4,8,6,-1,-1;4,11,13,0,-1;4,13,10,-1,-1;4,18,16,-1,-1;4,22,20,-1,-1
tenge	1,10,2;2,0,0;4,10,12,0,-1;4,12,4,-2,-1;4,4,6,0,-1;4,6,1,-1,-1
ruble	1,9,2;2,0,0;14,20,9,0,0;4,20,22,-2,-1;4,22,25,0,-1;4,25,1,-1,-1;4,22,4,-1,-1;4,20,5,-1,-1;4,20,27,0,-1;4,27,8,-1,-1;4,9,36,0,-1
franc	1,5,2;2,0,0;14,11,5,0,0;4,11,13,-2,-1;4,13,16,0,-1;4,16,1,-1,-1;4,13,4,-1,-1;4,5,7,0,-1;4,11,9,0,-1
plus	6,2,3,0;4,3,7,-1,-1;4,2,10,-1,-1
minus	6,0,1,0
multiply	6,10,6,-2;14,11,10,6,-1;4,11,2,-1,-1;4,11,8,-1,-1;4,8,5,-1,-1
divide	6,27,26,0;4,26,0,-2,-1;4,0,6,-2,-1;4,27,18,-2,-1;4,18,12,-2,-1
less	6,1,2,0;4,1,7,-1,0;4,7,0,0,-1;4,2,4,-1,0;4,4,3,0,-1;14,6,2,1,-1
greater	6,7,6,0;4,7,1,-1,0;4,1,0,0,-1;14,3,6,7,-1;4,6,4,-1,0;4,4,5,0,-1
lessequal	2,3,0;6,5,6,0;4,3,1,0,-1;14,11,6,5,-1;4,11,4,-1,-1;4,11,7,-1,-1;4,7,8,0,-1;4,4,13,0,-1
greaterequal	2,3,0;6,13,12,0;4,3,1,0,-1;14,7,12,13,-1;4,7,4,-1,-1;4,4,5,0,-1;4,7,11,-1,-1;4,11,10,0,-1
plusminus	2,15,0;6,1,4,0;4,15,13,0,-1;4,13,0,-2,-1;4,4,5,-2,-1;4,4,7,-1,-1;4,1,9,-1,-1
asciicircum	1,1,3;4,1,3,-2,-1;4,3,0,-1,-1;14,6,1,3,-1
notequal	6,14,8,0;4,14,15,-2,-1;4,15,18,0,-1;4,18,1,-1,-1;4,1,0,-2,-1;4,15,4,-1,-1;4,14,5,-1,-1;4,8,9,-2,-1;4,8,11,-1,-1
asciitilde	6,5,12,0;6,17,0,0;4,0,8,-1,-1;4,12,20,-1,-1
logicalnot	6,2,3,0;4,2,5,-2,-1
intersection	8,0,0;6,17,6,0;4,0,12,-1,-1
orthogonal	6,0,3,0
infinity	6,9,34,0;6,39,17,-2;6,24,51,0;6,0,45,-2;14,5,17,0,-1;14,21,24,9,-1;14,36,21,5,-1;14,54,5,21,-1
degree	6,0,16,0;6,24,8,0
mu.math	8,0,0;1,1,0;2,33,0;4,33,6,0,-1;4,1,11,-1,-1;14,29,33,11,-1;4,29,9,0,-1;4,33,26,-1,-1;4,26,19,0,-1;14,36,1,33,-1
partialdiff	1,24,3;2,0,0;14,8,24,0,0;14,11,8,0,-1;4,24,17,0,-1;4,0,34,0,-1;4,11,37,0,-1;4,8,40,0,-1
Delta.math	1,2,3;2,0,0;4,0,6,0,-1;4,6,1,-1,-1;4,6,4,-1,-1;14,10,2,0,-1
Omega.math	1,11,3;2,0,0;4,0,1,0,-1;4,1,23,-1,-1;4,0,24,-1,-1;4,23,26,-1,-1;4,11,34,0,-1;4,1,42,-1,-1
universal	1,3,3;2,2,0;14,13,3,2,-1;4,13,5,0,-1;4,3,7,-1,-1;14,9,2,3,-1
existential	1,9,3;2,0,0;4,0,2,0,-1;14,3,9,0,0;4,3,5,0,-1;4,9,7,0,-1
summation	1,4,2;6,13,12,0;4,12,1,-1,-1;4,4,6,0,-1;14,9,12,6,-1;4,9,2,-1,-1;4,6,3,-1,-1
product	8,0,1;1,1,2;4,0,3,-1,-1;4,1,5,0,-1
litre	1,18,4;2,0,0;14,38,18,0,-1;4,38,26,0,-1;4,26,5,-1,-1;4,38,12,-1,-1;4,0,30,0,-1;4,18,43,0,-1
estimated	1,10,3;2,0,0;6,17,33,0;4,0,26,0,-1;4,10,42,0,-1
checkedbox	1,24,3;1,23,3;2,21,0;4,21,15,0,-1;4,15,0,-2,-1;4,0,9,0,-1;4,9,6,-2,-1;4,24,13,0,-1;4,13,17,-1,-1;4,24,27,-2,-1
eighthnote	6,0,10,-1;6,14,35,-1;4,35,28,-2,-1
lock	8,0,0;6,8,39,0;6,33,27,-1;4,27,34,-2,-1;4,34,4,-1,-1;4,34,12,-1,-1;4,0,19,-2,-1
gravecmb	6,0,2,-1
gravecmb.cap	6,0,2,-1
variacmb	6,0,2,-1
acutecmb	6,0,2,-2
acutecmb.cap	6,0,2,-2
tonoscmb	6,0,2,-1
circumflexcmb	6,0,2,-1;4,0,5,-1,-1;14,7,2,0,-1
circumflexcmb.cap	6,0,2,-1;4,0,5,-1,-1;14,7,2,0,-1
tildecmb	6,0,17,-2;4,17,5,-1,-1;4,0,8,-1,-1;4,5,12,-1,-1;4,12,20,-1,-1
tildecmb.cap	6,0,17,-1;4,17,5,-1,-1;4,0,8,-1,-1;4,5,12,-2,-1;4,12,20,-1,-1
macroncmb	6,0,1,-1
macroncmb.cap	6,0,1,-1
brevecmb	6,0,9,-1;4,9,5,-2,-1;4,5,13,-1,-1
brevecmb.cyr	6,0,8,-1;4,8,5,-2,-1;4,5,11,-1,-1
brevecmb.cap	6,0,7,-2;4,7,4,-2,-1;4,4,10,-1,-1
brevecmb.cyrcap	6,0,8,-1;4,8,5,-2,-1;4,5,12,-1,-1
dotaccentcmb	6,0,8,-2
dotaccentcmb.cap	6,0,6,-2
dieresiscmb	6,6,0,-2;4,0,12,-1,-1;4,6,18,-1,-1
dieresiscmb.cap	6,0,8,-2;4,0,16,-1,-1;4,8,24,-1,-1
hoicmb	6,0,1,-1;4,1,7,-2,-1;4,7,8,-2,-1
hoicmb.cap	6,0,1,-1;4,1,7,-2,-1;4,7,8,-2,-1
candrabinducmb	6,0,9,-1;4,9,5,-2,-1;4,5,13,-1,-1;4,13,18,-1,-1;4,18,26,-2,-1
candrabinducmb.cap	6,0,7,-1;4,7,3,-2,-1;4,3,11,-1,-1;4,11,14,-1,-1;4,14,22,-2,-1
ringcmb	6,0,16,-1;4,16,22,-2,-1;4,22,8,-2,-1
ringcmb.cap	6,0,18,-1;4,18,24,-2,-1;4,24,8,-2,-1
hungarumlautcmb	6,2,0,-2;4,0,4,-1,-1;4,2,6,-1,-1
hungarumlautcmb.cap	6,0,2,-1;4,0,4,-1,-1;4,2,6,-1,-1
caroncmb	6,0,2,-1;14,3,2,0,-1;4,2,5,-1,-1
caroncmb.cap	6,0,2,-1;14,3,2,0,-1;4,2,5,-1,-1
caron.a	6,0,2,-1
dblgravecmb	6,0,2,-1;4,0,4,-1,-1;4,2,6,-1,-1
dblgravecmb.cap	6,0,2,-2;4,0,4,-1,-1;4,2,6,-1,-1
breveinvertedcmb	6,6,15,-1;4,15,1,-2,-1;4,1,11,-1,-1
breveinvertedcmb.cap	6,4,11,-1;4,11,1,-2,-1;4,1,7,-1,-1
commaturnedabovecmb	6,0,12,-1;4,12,6,-2,-1
aspercmb	6,0,17,-1;4,17,11,-2,-1;4,11,10,-2,-1
commaabovecmb	6,12,6,-1;4,6,0,-2,-1
horncmb	6,0,1,-1;4,1,8,-2,-1
cedillacmb	2,8,0;4,8,10,-2,-1;4,10,7,-2,-1;4,7,1,-2,-1;4,1,0,-2,-1
cedillacmb.cap	2,8,0;4,8,10,-2,-1;4,10,7,-2,-1;4,7,1,-2,-1;4,1,0,-2,-1
ogonekcmb	2,8,0;6,0,15,-1
ogonekcmb.cap	2,8,0;6,0,15,-1
tildeoverlaycmb	6,0,17,-1;4,17,5,-1,-1;4,0,8,-1,-1;4,5,12,-2,-1;4,12,20,-1,-1
macrondoublebelowcmb	6,0,1,0
breveinverteddoublecmb	6,13,4,0;4,13,0,-2,-1;4,0,8,-1,-1
dieresisacutecmb	6,0,6,-1;6,24,26,-1;4,0,12,-1,-1;4,6,18,-1,-1
dieresisacutecmb.cap	6,0,6,-1;6,24,26,-1;4,0,12,-1,-1;4,6,18,-1,-1
dieresistonoscmb	6,0,6,-1;6,15,13,-1;4,0,16,-1,-1;4,6,22,-1,-1
dieresisgravecmb	6,0,6,-1;6,24,26,-1;4,0,12,-1,-1;4,6,18,-1,-1
dieresisgravecmb.cap	6,0,6,-1;6,24,26,-1;4,0,12,-1,-1;4,6,18,-1,-1
dialytikagravecmb	6,0,6,-1;6,12,14,-1;4,0,16,-1,-1;4,6,22,-1,-1
dieresistildecmb	6,0,6,-1;4,0,12,-1,-1;4,6,18,-1,-1;4,6,32,-2,-1;4,32,29,-2,-1;4,29,41,-1,-1;4,41,24,-2,-1;4,29,36,-2,-1;4,36,43,-1,-1
dieresismacroncmb	6,0,6,-1;4,0,12,-1,-1;4,6,18,-1,-1;4,6,24,-2,-1;4,24,25,-2,-1
dieresismacroncmb.cap	6,0,6,-1;4,0,12,-1,-1;4,6,18,-1,-1;4,6,24,-2,-1;4,24,25,-2,-1
dieresiscaroncmb	6,0,6,-1;6,24,26,-1;4,0,12,-1,-1;4,6,18,-1,-1;14,27,26,24,-1;4,26,29,-1,-1
dieresiscaroncmb.cap	6,0,6,-1;6,24,26,-1;4,0,12,-1,-1;4,6,18,-1,-1;14,27,26,24,-1;4,26,29,-1,-1
circumflexacutecmb	6,0,3,-1;6,8,10,-1;4,0,5,-1,-1;14,6,3,5,-1
circumflexacutecmb.cap	6,0,3,-1;6,8,10,-1;4,0,5,-1,-1;14,6,3,5,-1
circumflexgravecmb	6,0,3,-1;6,8,10,-1;4,0,5,-1,-1;14,6,3,5,-1
circumflexgravecmb.cap	6,0,3,-1;6,8,10,-1;4,0,5,-1,-1;14,6,3,5,-1
circumflexhoicmb	6,0,3,-1;6,8,9,-1;4,0,5,-1,-1;14,6,3,5,-1;4,9,15,-2,-1;4,15,16,-2,-1
circumflexhoicmb.cap	6,0,3,-1;6,8,9,-1;4,0,5,-1,-1;14,6,3,5,-1;4,9,15,-2,-1;4,15,16,-2,-1
circumflextildecmb	6,0,3,-1;6,8,25,-1;4,0,5,-1,-1;14,7,3,5,-1;4,25,13,-1,-1;4,8,16,-1,-1;4,13,20,-2,-1;4,20,28,-1,-1
circumflextildecmb.cap	6,0,3,-1;6,8,24,-1;4,0,5,-1,-1;14,7,3,5,-1;4,24,13,-1,-1;4,8,15,-1,-1;4,13,19,-2,-1;4,19,26,-1,-1
breveacutecmb	6,0,9,-1;4,9,5,-2,-1;4,5,13,-1,-1;4,9,18,-2,-1;4,18,20,-2,-1
breveacutecmb.cap	6,0,7,-1;4,7,3,-2,-1;4,3,11,-1,-1;4,7,14,-2,-1;4,14,16,-2,-1
brevegravecmb	6,0,9,-1;4,9,5,-2,-1;4,5,13,-1,-1;4,9,18,-2,-1;4,18,20,-2,-1
brevegravecmb.cap	6,0,7,-1;4,7,3,-2,-1;4,3,11,-1,-1;4,7,14,-2,-1;4,14,16,-2,-1
brevehoicmb	6,0,9,-1;4,9,5,-2,-1;4,5,13,-1,-1;4,9,18,-2,-1;4,18,19,-2,-1;4,19,25,-2,-1;4,25,26,-2,-1
brevehoicmb.cap	6,0,7,-1;4,7,3,-2,-1;4,3,11,-1,-1;4,7,14,-2,-1;4,14,15,-2,-1;4,15,21,-2,-1;4,21,22,-2,-1
brevetildecmb	6,0,9,-1;6,18,34,-1;4,9,5,-2,-1;4,5,13,-1,-1;4,34,23,-1,-1;4,18,25,-1,-1;4,23,29,-2,-1;4,29,36,-1,-1
brevetildecmb.cap	6,0,7,-1;6,14,30,-1;4,7,3,-2,-1;4,3,11,-1,-1;4,30,19,-1,-1;4,14,21,-1,-1;4,19,25,-2,-1;4,25,32,-1,-1
circumflexbrevecmb	4,8,17,0,-1
circumflexbrevecmb.cap	6,6,3,0;4,3,8,-2,-1
macronacutecmb	6,0,1,-1;4,1,4,-2,-1;4,4,6,-2,-1
macronacutecmb.cap	6,0,1,-1;4,1,4,-2,-1;4,4,6,-2,-1
asperacutecmb	6,0,15,-1;4,15,9,-2,-1;4,9,8,-2,-1;4,8,17,-1,-1;4,0,19,-1,-1
aspergravecmb	6,0,15,-1;4,15,9,-2,-1;4,9,8,-2,-1;4,0,16,-1,-1;4,8,18,-1,-1
aspertildecmb	6,0,15,-1;6,31,24,-1;4,15,9,-2,-1;4,9,8,-2,-1;4,24,36,-1,-1;4,36,19,-2,-1;4,19,27,-1,-1;4,31,38,-1,-1
lenisacutecmb	6,0,1,-1;4,1,7,-2,-1;4,7,8,-2,-1;4,0,16,-1,-1;4,8,18,-1,-1
lenisgravecmb	6,0,1,-1;4,1,7,-2,-1;4,7,8,-2,-1;4,0,16,-1,-1;4,8,18,-1,-1
lenistildecmb	6,23,24,-1;6,0,16,-1;4,16,5,-1,-1;4,0,7,-1,-1;4,5,11,-2,-1;4,11,19,-1,-1;4,24,30,-2,-1;4,30,31,-2,-1
dblhorzbxd	6,7,6,0;6,3,2,0
uphalfblock	8,3,0;4,3,2,-2,-1
dneighthblock	8,3,0;4,3,2,-2,-1
dnquarterblock	8,3,0;4,3,2,-2,-1
dnthreeeighthsblock	8,3,0;4,3,2,-2,-1
dnhalfblock	8,3,0;4,3,2,-2,-1
dnfiveeighthsblock	8,3,0;4,3,2,-2,-1
dnthreequartersblock	8,3,0;4,3,2,-2,-1
dnseveneighthsblock	8,3,0;4,3,2,-2,-1
fullblock	8,3,0;4,3,2,-2,-1
leftseveneighthsblock	8,3,0;4,3,2,-2,-1
leftthreequartersblock	8,3,0;4,3,2,-2,-1
leftfiveeighthsblock	8,3,0;4,3,2,-2,-1
lefthalfblock	8,3,0;4,3,2,-2,-1
leftthreeeighthsblock	8,3,0;4,3,2,-2,-1
leftquarterblock	8,3,0;4,3,2,-2,-1
lefteighthblock	8,3,0;4,3,2,-2,-1
righthalfblock	8,3,0;4,3,2,-2,-1
upeighthblock	8,3,0;4,3,2,0,-1
righteighthblock	8,3,0;4,3,2,-2,-1
dnleftquadrant	8,3,0;4,3,2,-2,-1
dnrightquadrant	8,3,0;4,3,2,-2,-1
upleftquadrant	8,3,0;4,3,2,-2,-1
upleftdnleftdnrightquadrant	8,0,0;4,0,1,-2,-1
upleftdnrightquadrant	8,6,0;4,6,2,-2,-1
upleftuprightdnleftquadrant	8,0,0;4,0,1,-2,-1
upleftuprightdnrightquadrant	8,3,0;4,3,2,-2,-1
uprightquadrant	8,3,0;4,3,2,-2,-1
uprightdnleftquadrant	8,3,0;4,3,5,-2,-1
uprightdnleftdnrightquadrant	8,5,0;4,5,4,-2,-1
fi	1,4,0;1,10,4;2,0,0;4,4,1,0,-1;4,10,17,0,-1;4,4,22,-1,-1;4,1,23,-1,-1;4,22,28,-1,-1;4,0,29,-1,-1;4,28,30,-2,-1;4,30,38,-2,-1
fl	1,4,0;1,10,4;2,26,0;4,26,0,-1,0;4,4,1,0,-1;4,10,17,0,-1;4,4,22,-1,-1;4,1,23,-1,-1;4,10,34,-1,0;4,26,41,0,-1
uniE0A1	8,1,0;8,6,0;8,7,0;6,0,4,0;14,9,6,7,-1;4,7,12,-1,-1;4,6,15,-1,-1;14,17,7,6,-1
