# Glyph name	TT hints
.notdef	1,1,3;2,3,0;4,3,5,0,-1;4,5,7,-2,-1;4,1,16,0,-1;4,16,14,-2,-1
A	1,11,3;2,10,0;14,2,11,10,0;14,7,11,10,-1;4,10,14,-1,-1;4,2,16,0,-1
B	1,1,3;2,0,0;14,32,1,0,0;4,32,16,0,-1;14,8,16,32,-1;4,1,23,0,-1;4,0,26,0,-1
C	1,10,3;2,0,0;4,10,17,0,-1;4,0,27,0,-1
D	1,1,3;2,0,0;4,0,14,0,-1;4,1,24,0,-1
E	1,1,3;2,0,0;4,1,3,0,-1;14,7,1,0,0;4,7,5,0,-1;4,0,10,0,-1
F	1,1,3;2,0,0;4,1,3,0,-1;14,7,1,0,0;4,7,5,0,-1
G	1,10,3;2,0,0;4,10,19,0,-1;4,0,29,0,-1;14,34,0,10,0;4,34,35,0,-1
H	1,1,3;2,0,0;14,10,0,1,0;4,10,3,0,-1;4,1,5,-1,-1;4,0,8,-1,-1
I	1,5,3;2,0,0;4,0,1,0,-1;4,5,4,0,-1;4,4,7,-1,-1;4,1,10,-1,-1
J	1,13,3;2,0,0;4,0,7,0,-1;4,13,11,0,-1
K	1,1,3;2,0,0;14,3,1,0,-1;4,1,6,-1,-1;14,7,1,0,-1;4,0,8,-1,-1;14,10,0,1,-1
L	1,1,3;2,0,0;4,0,3,0,-1
M	1,1,3;2,0,0;14,5,0,1,-1;4,1,7,-1,-1;4,0,10,-1,-1;14,14,0,1,-1;14,18,1,0,-1;14,21,1,0,-1
N	1,1,3;2,0,0;14,5,0,1,-1;4,1,9,-1,-1;4,0,12,-1,-1;14,15,1,0,-1
O	1,10,3;2,0,0;4,0,20,0,-1;4,10,30,0,-1
P	1,1,3;2,0,0;14,11,0,1,0;4,11,13,0,-1;4,1,23,0,-1
Q	1,35,3;2,25,0;6,20,48,0;4,25,0,0,-1;4,35,10,0,-1;4,25,45,-1,-1
R	1,1,3;2,0,0;14,14,0,1,0;4,14,16,0,-1;14,10,14,16,-1;4,0,12,-1,-1;4,1,24,0,-1
S	1,26,3;2,0,0;4,0,7,0,-1;14,15,26,0,-1;4,26,33,0,-1;14,41,0,26,-1
T	1,3,3;2,0,0;4,3,2,0,-1;4,2,6,-1,-1
U	1,6,3;2,0,0;4,0,13,0,-1;4,6,19,-1,-1
V	1,1,3;2,0,0;14,8,0,1,0;4,1,13,-1,-1
W	1,1,3;2,0,0;14,6,1,0,-1;14,12,1,0,-1;14,16,0,1,-1;4,1,21,-1,-1;4,0,24,-1,-1;14,29,0,1,-1
X	1,3,3;2,25,0;14,1,25,3,-1;14,7,25,3,-1;4,3,12,-1,-1;14,14,25,3,-1;4,25,16,-1,-1;14,21,25,3,-1
Y	1,2,3;2,15,0;14,8,15,2,-1;4,2,12,-1,-1
Z	1,4,3;2,9,0;4,9,7,0,-1;4,7,1,-1,-1;4,4,2,0,-1;4,2,6,-1,-1
a	1,26,0;2,0,0;14,10,26,0,0;4,26,15,0,-1;4,0,33,-1,0;14,34,0,26,-1;4,0,38,0,-1;4,10,41,0,-1
b	1,14,0;1,7,4;2,0,0;14,4,0,14,-1;4,0,6,-1,0;14,10,14,0,-1;4,0,22,0,-1;4,14,32,0,-1;4,10,35,0,-1;4,4,36,0,-1
c	1,10,0;2,0,0;4,10,17,0,-1;4,0,27,0,-1
d	1,10,0;1,16,4;2,0,0;14,13,10,0,-1;4,0,19,-1,0;14,21,0,10,-1;4,0,24,0,-1;4,21,27,0,-1;4,13,28,0,-1;4,10,31,0,-1
e	1,10,0;2,0,0;14,19,10,0,0;4,0,24,0,-1;4,10,31,0,-1;4,19,37,0,-1
f	1,8,4;1,4,0;2,0,0;4,4,1,0,-1;4,8,15,0,-1;4,4,21,-1,-1;4,1,24,-1,-1
g	1,22,0;2,0,1;2,82,0;4,22,25,-1,0;4,22,63,0,-1;4,63,26,-1,0;14,35,22,0,-1;4,82,45,0,-1;4,35,53,0,-1;4,0,73,0,-1
h	1,1,4;1,8,0;2,0,0;14,4,8,0,-1;4,0,12,-1,-1;4,8,16,0,-1;4,4,21,0,-1
k	1,5,0;1,1,4;2,0,0;14,3,1,0,-1;14,7,1,0,-1;4,0,8,-1,-1;14,10,1,0,-1
l	1,6,4;2,0,0;4,6,5,0,-1;4,0,11,0,-1
m	1,7,0;2,0,0;4,7,2,-1,0;14,3,7,0,-1;14,9,0,7,-1;4,7,12,-1,-1;4,0,24,-1,-1;4,24,16,-1,-1;4,7,28,0,-1;4,28,20,-1,-1;4,9,23,0,-1;4,3,31,0,-1
n	1,7,0;1,1,0;2,0,0;2,11,0;14,3,7,0,-1;4,7,15,0,-1;4,3,20,0,-1
o	1,10,0;2,0,0;4,0,20,0,-1;4,10,30,0,-1
p	1,7,0;2,15,0;2,0,1;4,7,2,-1,0;14,3,7,15,-1;14,19,7,15,-1;4,15,22,0,-1;4,7,32,0,-1;4,3,35,0,-1;4,19,36,0,-1
q	1,16,0;2,0,1;2,6,0;14,2,6,16,-1;14,19,16,6,-1;4,16,21,-1,0;4,6,24,0,-1;4,2,27,0,-1;4,19,28,0,-1;4,16,31,0,-1
r	1,1,0;1,7,0;2,18,0;14,3,18,1,-1;4,7,14,0,-1;4,3,17,0,-1
s	1,23,0;2,0,0;4,0,7,0,-1;14,15,0,23,-1;4,23,30,0,-1;14,38,23,0,-1
t	1,9,0;2,0,0;4,9,6,0,-1;4,9,11,-2,-1;4,9,13,-1,-1;4,6,14,-1,-1;4,0,21,0,-1
u	1,3,0;2,0,0;4,0,8,0,-1;14,18,3,0,-1;4,18,13,0,-1;4,3,15,-1,-1;4,0,17,-1,0
v	1,1,0;2,0,0;14,5,1,0,-1;4,1,11,-1,-1
w	1,1,0;2,0,0;14,6,1,0,-1;14,12,1,0,-1;14,16,0,1,-1;4,1,22,-1,-1;4,0,23,-1,-1;14,29,0,1,-1
x	1,2,0;2,0,0;14,7,2,0,-1;14,20,0,2,-1;14,1,7,20,-1;4,2,13,-1,-1;14,14,20,7,-1;4,0,15,-1,-1
y	1,12,0;2,0,1;4,0,7,0,-1;14,18,12,0,-1;4,18,11,0,-1;4,12,23,-1,-1
z	1,4,0;2,0,0;4,0,7,0,-1;4,7,1,-1,-1;4,4,3,0,-1;4,3,6,-1,-1
Aogonek	1,14,3;2,13,0;6,0,22,0;4,13,9,-1,-1;14,31,13,14,0;4,31,11,0,-1;4,9,16,-1,-1;14,36,14,13,-1
AE	1,8,3;2,7,0;14,2,8,7,0;14,4,8,7,-1;4,8,10,0,-1;4,7,19,-1,-1;14,14,8,19,0;4,14,13,0,-1;4,19,17,0,-1;4,2,21,0,-1
Bstroke	1,5,3;2,0,0;4,0,21,0,-1;4,21,1,-2,-1;4,1,4,0,-1;4,4,28,-2,-1;4,28,33,0,-1;14,13,33,28,-1;4,4,30,-1,-1;4,1,31,-1,-1;4,5,40,0,-1
Dhook	1,18,3;2,0,0;4,18,40,0,-1;4,40,1,-1,-1;4,0,29,0,-1
Eogonek	1,8,3;2,7,0;6,0,27,0;4,8,10,0,-1;14,14,8,7,0;4,14,13,0,-1;4,7,16,0,-1;4,7,18,-1,-1
Ghook	1,35,3;2,25,0;6,43,50,0;4,35,4,0,-1;4,25,14,0,-1;14,19,35,25,0;4,19,21,0,-1
Hbar	1,3,3;2,18,0;6,2,19,0;4,2,6,-1,-1;4,3,8,-1,-1;4,6,10,-1,-1;4,19,22,-1,-1;4,22,11,-1,-1;4,18,13,-1,-1;14,15,3,18,0;4,15,20,0,-1
Iogonek	1,12,3;2,7,0;6,0,24,0;4,7,8,0,-1;4,12,11,0,-1;4,11,14,-1,-1;4,8,17,-1,-1;4,7,18,-1,-1
Lslash	1,3,3;2,12,0;4,12,10,0,-1
Oogonek	1,16,3;2,6,0;6,0,29,0;4,6,23,-1,-1;4,6,36,0,-1;4,16,46,0,-1
Ohorn	1,10,3;2,0,0;4,10,19,-2,-1;4,10,42,0,-1;14,24,10,42,-1;4,0,32,0,-1
Oslash	1,14,3;2,0,0;14,30,14,0,-1;14,3,0,30,-1;14,6,30,0,-1;14,45,0,14,-1;14,16,45,14,-1;14,19,14,45,-1;14,31,0,14,-1;4,14,33,0,-1;4,0,38,0,-1;14,46,14,0,-1
OE	1,10,3;2,0,0;4,10,23,0,-1;4,23,12,-1,-1;14,16,10,0,0;4,16,15,0,-1;4,0,22,0,-1;4,22,19,-1,-1
Germandbls	1,30,3;2,0,0;4,0,7,0,-1;14,15,30,0,-1;4,15,16,0,-1;4,30,19,0,-1;4,0,24,-1,0;14,34,16,15,-1
Tbar	1,6,3;2,15,0;14,12,6,15,0;4,12,0,-1,-1;4,12,11,0,-1;4,11,3,-1,-1;4,6,4,0,-1;4,4,8,-1,-1
Uogonek	1,12,3;2,6,0;6,0,38,0;4,6,19,0,-1;4,12,26,-1,-1;4,6,32,-1,-1
Uhorn	1,6,3;2,0,0;4,0,13,0,-1;4,6,20,-1,-1;4,20,27,-2,-1;4,20,34,-2,-1
Eth	1,5,3;2,0,0;14,32,5,0,0;4,32,2,-1,-1;4,32,31,0,-1;4,31,4,-1,-1;4,0,18,0,-1;4,5,28,0,-1
Thorn	1,1,3;2,14,0;6,12,16,0;6,22,4,0
Schwa	1,19,3;2,0,0;14,35,19,0,0;4,35,7,0,-1;4,19,12,0,-1;4,0,29,0,-1
Eng	1,32,3;2,0,0;4,0,7,0,-1;4,32,17,0,-1;4,0,24,-1,0;4,32,25,-1,0;14,27,32,24,-1
IJ	1,1,3;2,0,0;6,4,11,0;4,1,15,-1,-1
Lcat	1,1,3;2,0,0;6,6,12,-2;4,0,4,0,-1;4,0,18,-1,-1;4,1,19,-1,-1;4,4,22,-1,-1
aogonek	1,37,0;2,11,0;6,0,49,0;4,11,6,-1,0;14,21,37,11,0;4,37,26,0,-1;4,6,43,-1,0;4,11,56,0,-1;4,21,59,0,-1
ae	1,20,0;2,0,0;14,59,20,0,0;4,59,8,0,-1;4,20,11,0,-1;14,23,20,0,-1;4,20,26,-1,-1;14,34,20,0,0;4,0,53,0,-1;4,53,40,-1,-1;4,0,47,-1,-1;14,50,0,20,-1;4,11,67,-1,-1;4,34,72,0,-1
bstroke	1,11,4;2,0,0;4,11,13,-2,-1;4,13,16,0,-1;4,16,22,-2,-1;14,3,0,22,-1;4,0,6,-1,0;4,16,7,-1,-1;4,13,10,-1,-1;14,18,22,0,-1;4,0,32,0,-1;4,22,42,0,-1;4,18,45,0,-1;4,3,46,0,-1
dcaron	1,10,0;1,16,4;2,0,0;6,41,43,-1;14,13,10,0,-1;4,0,18,-1,0;14,20,0,10,-1;4,0,24,0,-1;4,20,27,0,-1;4,13,28,0,-1;4,10,31,0,-1
dcroat	1,20,4;2,0,0;4,20,19,-2,-1;4,19,16,0,-1;4,16,10,-2,-1;4,19,22,-1,-1;4,16,25,-1,-1;4,0,27,-1,0;14,28,0,10,-1;4,0,32,0,-1;4,28,35,0,-1;4,10,39,0,-1
eogonek	1,19,0;2,9,0;6,0,45,0;14,27,19,9,0;4,9,33,0,-1;4,19,52,0,-1;4,27,57,0,-1
hbar	1,5,4;2,0,0;4,5,7,-2,-1;4,7,10,0,-1;4,10,1,-1,-1;4,7,4,-1,-1;4,10,16,-2,-1;4,0,19,-1,-1;4,16,24,0,-1
dotlessi	1,3,0;2,0,0;4,3,1,0,-1
kgreenlandic	1,1,0;2,0,0;14,3,1,0,-1;4,1,6,-1,-1;14,7,0,1,-1;4,0,8,-1,-1;14,10,1,0,-1
lslash	1,10,4;2,0,0;4,10,8,0,-1;4,0,19,0,-1
napostrophe	1,7,0;2,0,0;6,28,34,-1;4,7,2,-1,0;14,3,7,0,-1;4,0,10,-1,-1;4,7,15,0,-1;4,3,20,0,-1
oogonek	1,16,0;2,6,0;6,0,32,0;4,6,26,-1,-1;4,6,39,0,-1;4,16,49,0,-1
ohorn	1,10,0;2,0,0;4,10,19,-2,-1;4,10,44,0,-1;14,26,10,44,-1;4,0,34,0,-1
oslash	1,14,0;2,0,0;14,30,14,0,-1;14,3,0,30,-1;14,6,30,0,-1;14,47,0,14,-1;14,16,47,14,-1;14,19,14,47,-1;14,31,14,0,-1;4,14,34,0,-1;4,0,39,0,-1;14,48,14,0,-1
oe	1,30,0;2,20,0;4,20,0,0,-1;4,30,10,0,-1;4,30,35,-1,-1;14,43,30,20,0;4,0,47,-1,-1;4,20,54,-1,-1;4,10,58,-1,-1;4,43,61,0,-1
germandbls	1,38,4;2,0,0;4,0,7,0,-1;4,38,27,0,-1;14,12,0,27,-1;4,0,32,-1,0;14,48,38,7,-1
longs	1,8,4;1,4,0;2,0,0;4,4,1,0,-1;4,8,15,0,-1
tbar	1,6,0;2,29,0;14,15,6,29,0;4,15,0,-1,-1;4,15,14,0,-1;4,14,2,-1,-1;4,6,3,0,-1;4,6,10,-1,-1;4,3,11,-1,-1;4,29,22,0,-1
uogonek	1,14,0;2,11,0;6,0,33,0;4,11,6,-1,0;14,8,14,11,-1;4,11,19,0,-1;4,8,24,0,-1;4,14,26,-1,-1;4,6,27,-1,-1
uhorn	1,3,0;2,0,0;4,0,8,0,-1;4,3,14,-1,-1;14,32,0,14,-1;4,32,13,0,-1;4,14,22,-2,-1;4,14,29,-2,-1;4,0,31,-1,0
eth	1,23,4;2,0,0;6,48,10,0;14,13,23,0,-1;4,0,37,0,-1;4,13,45,0,-1
thorn	1,1,4;1,8,0;2,0,1;2,18,0;14,4,8,18,-1;14,21,18,8,-1;4,18,25,0,-1;4,8,35,0,-1;4,4,38,0,-1;4,21,39,0,-1
eng	1,30,0;2,23,0;2,0,1;4,0,7,0,-1;4,30,16,0,-1;14,26,30,23,-1;4,26,21,0,-1;4,30,24,-1,0
dotlessj	1,15,0;2,0,1;4,0,7,0,-1;4,15,13,0,-1
ij	1,1,0;2,0,0;2,16,1;6,4,10,-1;4,16,23,0,-1;4,1,27,-1,-1;4,4,32,-1,-1;4,10,38,-1,-1
lcat	1,6,4;2,0,0;6,17,23,-1;4,6,4,0,-1;4,0,10,0,-1;4,0,29,-1,-1;4,4,33,-1,-1;4,6,35,-1,-1;4,10,39,-1,-1
ijacute	8,20,0;1,1,0;2,0,0;2,4,1;4,4,11,0,-1;4,1,15,-1,-1;4,20,22,-2,-1;4,20,24,-1,-1;4,22,26,-1,-1
aturned	1,12,0;2,0,0;4,12,7,-1,0;14,8,12,0,-1;14,22,12,0,0;4,0,27,0,-1;4,22,38,0,-1;4,12,48,0,-1;4,8,51,0,-1
alphalatinturned	1,15,0;2,0,0;14,4,0,15,-1;4,0,5,-1,0;4,15,8,-1,0;14,9,15,0,-1;4,0,23,0,-1;4,15,33,0,-1;4,9,36,0,-1;4,4,37,0,-1
bhook	1,10,4;1,25,0;2,0,0;14,4,0,25,-1;4,0,6,-1,0;4,10,17,0,-1;14,22,25,0,-1;4,0,33,0,-1;4,25,43,0,-1;4,22,46,0,-1;4,4,47,0,-1
oopen	1,24,0;2,0,0;4,0,7,0,-1;4,24,17,0,-1
ccurl	1,22,0;2,46,0;4,46,0,0,-1;14,6,22,46,0;14,9,46,6,-1;4,46,11,-2,-1;4,6,40,0,-1;14,14,40,46,-1;4,22,29,0,-1;14,37,40,46,-1;14,48,46,40,-1
dtail	1,18,0;1,24,4;2,8,0;2,0,1;14,4,8,18,-1;14,22,18,8,-1;4,0,29,0,-1;4,8,36,0,-1;4,4,39,0,-1;4,22,40,0,-1;4,18,43,0,-1
dhook	1,19,4;1,10,0;2,0,0;14,14,10,0,-1;4,19,25,0,-1;4,0,30,-1,0;14,31,0,10,-1;4,0,35,0,-1;4,31,38,0,-1;4,14,39,0,-1;4,10,42,0,-1
ereversed	1,32,0;2,11,0;4,32,0,0,-1;14,24,32,11,0;4,24,6,0,-1;4,11,18,0,-1
alphalatin	1,10,0;2,0,0;14,13,10,0,-1;4,10,16,-1,0;4,0,17,-1,0;14,19,0,10,-1;4,0,23,0,-1;4,19,26,0,-1;4,13,27,0,-1;4,10,30,0,-1
schwa	1,18,0;2,0,0;14,8,18,0,0;4,18,11,0,-1;4,0,28,0,-1;4,8,34,0,-1
schwahookrhotic	1,16,0;2,0,0;6,33,26,0;14,5,16,0,-1;14,6,0,16,-1;4,16,9,0,-1;14,19,16,0,-1;14,37,0,16,-1;4,0,45,0,-1;14,52,16,0,-1;14,53,0,16,-1
eopen	1,17,0;2,0,0;14,32,17,0,0;4,32,31,0,-1;14,8,31,32,-1;4,17,24,0,-1;4,0,39,0,-1
eopenreversedclosed	1,10,0;2,0,0;14,36,10,0,0;4,36,37,0,-1;14,19,37,36,-1;4,0,27,0,-1;4,10,44,0,-1
dotlessjstroke	1,19,0;2,0,1;6,16,13,0;4,0,7,0,-1;4,19,17,0,-1;4,16,22,-1,-1;4,13,23,-1,-1
ghook	1,25,0;2,0,1;6,33,39,0;4,0,7,0,-1;14,15,25,0,-1;14,11,15,25,-1;14,29,25,15,-1;4,15,46,0,-1;4,11,49,0,-1;4,29,50,0,-1;4,25,53,0,-1
gscript	1,25,0;2,0,1;4,0,7,0,-1;14,15,25,0,0;14,11,15,25,-1;14,29,25,15,-1;4,25,31,-1,0;4,15,37,0,-1;4,11,40,0,-1;4,29,41,0,-1;4,25,44,0,-1
gsmall	1,10,0;2,0,0;6,32,33,0;4,10,17,0,-1;4,0,27,0,-1
gammalatin	1,7,0;2,0,1;14,12,7,0,-1;4,7,18,-1,-1;14,31,0,18,-1;14,6,12,31,-1;14,19,31,12,-1;4,0,25,0,-1
ramshorn	1,14,0;2,0,0;4,14,9,0,-1;14,17,14,0,-1;4,14,20,-1,-1;4,9,25,-1,-1;4,0,36,0,-1;14,42,0,14,-1
hturned	1,8,0;2,5,0;2,0,1;14,2,8,5,-1;4,5,13,0,-1;4,2,18,0,-1;4,8,20,-1,-1
hhook	1,4,4;1,19,0;2,0,0;4,4,11,0,-1;14,15,19,0,-1;4,0,23,-1,-1;4,19,27,0,-1;4,15,32,0,-1
henghook	1,27,4;1,41,0;2,23,0;2,0,1;4,0,7,0,-1;4,41,16,0,-1;14,37,41,23,-1;4,37,21,0,-1;4,27,33,0,-1
ismall	1,5,0;2,0,0;4,0,1,0,-1;4,5,4,0,-1;4,4,7,-1,-1;4,1,10,-1,-1
kturned	1,6,0;2,12,1;2,3,0;14,1,6,3,-1;14,5,6,3,-1;14,8,3,6,-1;4,6,11,-1,-1
lbelt	1,12,4;2,27,0;14,16,12,27,0;4,16,0,-1,-1;4,16,15,0,-1;4,15,32,-1,-1;4,32,37,-2,-1;4,37,6,0,-1;4,12,10,0,-1;4,27,21,0,-1
lretroflex	1,6,4;2,0,1;4,6,4,0,-1;4,0,10,0,-1
lezh	1,26,4;1,28,0;2,0,1;2,25,0;4,0,9,0,-1;14,17,28,0,0;4,28,22,0,-1;4,17,31,0,-1
lsmall	1,1,0;2,0,0;4,0,4,0,-1
mturned	1,16,0;2,12,0;4,16,25,-1,-1;4,25,0,-1,-1;4,12,7,-1,-1;4,7,2,-1,0;14,4,12,16,-1;14,9,16,12,-1;4,12,20,0,-1;4,9,23,0,-1;4,20,28,-1,-1;4,4,31,0,-1
mlonglegturned	1,15,0;2,11,0;2,0,1;4,15,23,-1,-1;4,23,31,-1,-1;14,2,0,31,-1;4,11,6,-1,-1;14,8,31,0,-1;4,11,19,0,-1;4,8,22,0,-1;4,19,27,-1,-1;4,2,30,0,-1
mhook	1,35,0;2,28,0;2,0,1;4,0,7,0,-1;4,35,23,0,-1;4,23,15,-1,-1;14,37,35,28,-1;4,37,18,0,-1;4,28,20,-1,-1;14,31,35,28,-1;4,31,26,0,-1;4,35,29,-1,0;4,35,40,-1,-1
nhookleft	1,17,0;2,21,0;2,0,1;4,0,7,0,-1;4,17,11,-1,0;14,13,17,21,-1;4,17,25,0,-1;4,13,30,0,-1
nretroflex	1,21,0;2,14,0;2,0,1;4,21,7,0,-1;14,17,21,14,-1;4,17,12,0,-1;4,21,15,-1,0;4,0,28,0,-1
nsmall	1,1,0;2,0,0;14,7,0,1,-1;4,1,12,-1,-1;4,0,13,-1,-1;14,19,1,0,-1
obar	1,10,0;2,0,0;4,10,20,0,-1;14,36,10,0,0;4,36,25,0,-1;4,0,31,0,-1
oesmall	1,10,0;2,0,0;4,10,14,-1,0;4,14,16,0,-1;4,0,23,-1,0;14,20,14,23,0;4,20,18,0,-1;4,23,21,0,-1;4,0,27,0,-1;4,10,34,0,-1
philatin	1,33,0;1,34,4;2,23,0;2,22,1;4,23,5,0,-1;4,33,6,0,-1;4,6,16,-1,-1;4,5,17,-1,-1;4,33,36,-1,-1;4,23,46,-1,-1
rturned	1,20,0;2,7,0;4,7,2,-1,0;14,4,7,20,-1;4,7,16,0,-1;4,4,19,0,-1
rlonglegturned	1,13,4;2,0,0;4,0,9,0,-1;14,18,13,0,-1;4,18,12,0,-1;4,0,16,-1,0
rhookturned	1,19,0;2,8,0;2,0,1;14,4,19,8,-1;4,8,15,0,-1;4,4,18,0,-1;4,0,24,0,-1
rtail	1,12,0;2,0,1;4,12,6,-1,0;14,8,12,0,-1;4,12,19,0,-1;4,8,22,0,-1;4,0,28,0,-1
rfishhook	1,6,0;2,0,0;4,6,13,0,-1
rsmall	1,1,0;2,0,0;14,15,1,0,0;4,15,18,0,-1;14,12,18,15,-1;4,0,13,-1,-1;4,1,25,0,-1
rsmallinverted	1,13,0;2,2,0;4,13,0,-1,-1;14,18,13,2,0;4,18,16,0,-1;14,12,16,18,-1;4,2,26,0,-1
shook	1,24,0;2,49,0;2,0,1;4,49,8,0,-1;14,16,49,24,-1;4,24,31,0,-1;14,39,24,49,-1;4,0,58,0,-1
esh	1,16,4;2,0,1;4,0,7,0,-1;4,16,23,0,-1
dotlessjstrokehook	8,20,0;2,0,1;6,13,16,0;4,0,7,0,-1;4,20,27,0,-1;4,16,34,-1,-1;4,13,35,-1,-1
tturned	1,0,0;2,13,0;4,13,14,0,-1;4,14,6,-1,-1;4,13,9,-1,-1;4,13,10,-2,-1;4,0,21,0,-1
tretroflex	1,9,0;2,0,1;4,9,6,0,-1;4,9,11,-2,-1;4,9,13,-1,-1;4,6,14,-1,-1;4,0,21,0,-1
ubar	1,17,0;2,9,0;4,9,0,0,-1;14,13,17,9,0;4,13,4,-1,-1;4,13,16,0,-1;4,16,20,-1,-1;4,17,22,-1,-1;4,20,24,-1,-1;4,4,25,-1,-1;4,9,28,-1,0
upsilonlatin	1,13,0;2,0,0;4,13,12,0,-1;4,12,15,-1,-1;4,0,25,0,-1;4,12,38,-1,-1;4,38,35,-1,-1;4,13,37,-1,-1
vhook	1,28,0;2,0,0;4,28,6,-1,0;4,0,13,0,-1;4,28,21,0,-1
vturned	1,12,0;2,11,0;4,11,1,-1,-1;14,6,12,11,-1
wturned	1,23,0;2,22,0;4,23,0,-1,-1;4,22,1,-1,-1;14,6,22,23,-1;14,12,22,23,-1;14,17,23,22,-1;14,28,23,22,-1
yturned	1,6,4;2,0,0;4,6,13,0,-1;14,24,6,0,-1;4,24,17,0,-1;4,0,18,-1,-1
ysmall	1,2,0;2,0,0;14,7,2,0,-1;4,2,13,-1,-1
zretroflex	1,9,0;2,5,0;2,0,1;4,5,13,0,-1;4,13,6,-1,-1;4,9,8,0,-1;4,8,11,-1,-1;4,0,17,0,-1
zcurl	1,9,0;2,5,0;4,5,24,-1,-1;4,24,28,0,-1;4,28,12,-1,0;4,12,6,-1,-1;4,9,8,0,-1;4,8,11,-1,0;4,28,34,-2,-1;4,34,18,0,-1
ezh	1,26,0;2,0,1;4,0,11,0,-1;14,19,26,0,0;4,19,32,0,-1;4,32,23,-1,-1;4,26,24,0,-1;4,24,28,-1,-1
dezh	1,53,0;1,59,4;2,45,0;2,17,1;4,45,0,0,-1;4,53,7,0,-1;4,17,24,0,-1;4,53,61,-1,0;14,30,61,17,0;4,30,67,0,-1;4,67,34,-1,-1;4,61,35,0,-1;4,45,37,-1,0;14,39,45,53,-1;14,56,53,45,-1;4,35,63,-1,-1
ts	1,9,0;2,0,0;4,9,6,0,-1;4,9,15,-1,0;4,15,22,0,-1;14,25,15,0,-1;4,0,37,0,-1;14,42,0,15,-1;4,6,51,-1,-1
tesh	1,44,4;1,36,0;2,27,0;2,0,1;4,0,7,0,-1;4,36,33,0,-1;4,33,13,-1,-1;4,27,20,0,-1;4,36,38,-2,-1;4,36,40,-1,-1;4,44,51,0,-1
glottalstop	1,20,4;2,0,0;4,20,9,0,-1
glottalstopreversed	1,11,4;2,0,0;4,11,22,0,-1
glottalstopstroke	1,22,4;2,0,0;6,1,4,0;4,22,11,0,-1;4,4,33,-1,-1;4,1,34,-1,-1
glottalstopstrokereversed	1,15,4;2,0,0;6,1,5,0;4,15,26,0,-1;4,5,33,-1,-1;4,1,34,-1,-1
clickalveolar	1,9,4;2,0,1;6,8,5,0;4,5,4,-2,-1;4,4,1,0,-1;4,8,12,-1,-1;4,5,13,-1,-1;4,4,16,-1,-1;4,1,17,-1,-1
clickbilabial	1,8,4;2,0,0;4,0,16,0,-1;4,8,26,0,-1;14,36,8,0,-1;4,36,42,-1,-1
Eng.a	1,20,3;2,19,0;6,0,7,0;4,19,10,-1,-1;14,14,20,19,-1;14,23,19,20,-1;4,20,29,-1,-1
aogonek.a	1,21,0;2,11,0;6,0,34,0;4,11,6,-1,0;14,8,11,21,-1;14,24,21,11,-1;4,21,27,-1,0;4,6,28,-1,-1;4,11,41,0,-1;4,8,44,0,-1;4,24,45,0,-1;4,21,48,0,-1
dotlessi.a	1,5,0;2,0,0;4,0,1,0,-1;4,5,3,0,-1;4,1,8,-1,-1
iogonek.d	1,10,0;2,7,0;6,0,18,0;4,10,8,0,-1;4,7,12,-1,0
iogonek.da	1,12,0;2,7,0;6,0,22,0;4,7,8,0,-1;4,12,10,0,-1;4,8,15,-1,-1;4,7,16,-1,-1
istroke.d	1,5,0;2,12,0;14,9,5,12,0;4,9,0,-1,-1;4,9,8,0,-1;4,8,2,-1,-1;4,5,3,0,-1
istroke.da	1,5,0;2,14,0;14,9,5,14,0;4,9,0,-1,-1;4,9,8,0,-1;4,8,2,-1,-1;4,5,3,0,-1;4,14,15,0,-1;4,15,12,-1,-1
jcrossedtail.d	1,22,0;2,5,1;4,5,30,0,-1;4,30,36,0,-1;4,36,13,0,-1;14,2,5,13,-1;14,16,13,5,-1;4,22,20,0,-1;14,26,13,5,-1;14,33,5,13,-1
Gamma	1,1,3;2,0,0;4,1,3,0,-1
Delta	1,2,3;2,0,0;4,0,7,0,-1;14,12,2,0,-1
Theta	1,10,3;2,0,0;4,0,20,0,-1;4,10,30,0,-1;14,43,10,0,0;4,43,41,0,-1
Lambda	1,1,3;2,0,0;4,0,3,-1,-1;14,11,1,0,-1
Xi	1,9,3;2,0,0;4,0,2,0,-1;14,7,9,0,0;4,7,5,0,-1;4,9,11,0,-1
Pi	1,1,3;2,0,0;4,0,4,-1,-1;4,1,5,0,-1
Sigma	1,4,3;2,0,0;4,0,10,0,-1;4,10,1,-1,-1;14,2,0,4,-1;4,4,6,0,-1;4,6,3,-1,-1;14,8,4,0,-1
Phi	1,34,3;2,22,0;4,22,23,-2,-1;4,23,5,0,-1;4,34,33,-2,-1;4,33,6,0,-1;4,6,16,-1,-1;4,5,17,-1,-1;4,33,36,-1,-1;4,23,46,-1,-1
Psi	1,5,3;2,0,0;14,9,5,0,0;4,9,1,0,-1;4,5,11,-1,-1;4,9,12,-1,-1;4,11,16,-1,-1;4,1,20,-1,-1
Omega	1,13,3;2,0,0;4,0,1,0,-1;4,1,25,-1,-1;4,0,26,-1,-1;4,25,28,-1,-1;4,13,38,0,-1;4,1,48,-1,-1
Alphatonos	1,11,3;2,10,0;6,18,20,-1;14,2,11,10,0;14,7,11,10,-1;4,10,13,-1,-1;4,2,16,0,-1
Epsilontonos	1,1,3;2,0,0;6,12,14,-1;4,1,3,0,-1;14,7,1,0,0;4,7,6,0,-1;4,0,10,0,-1
Etatonos	1,1,3;2,0,0;6,12,14,-1;14,9,1,0,0;4,9,3,0,-1;4,1,6,-1,-1;4,0,7,-1,-1
Iotatonos	1,5,3;2,0,0;6,12,14,-1;4,0,1,0,-1;4,5,4,0,-1;4,4,7,-1,-1;4,1,10,-1,-1
Omicrontonos	1,10,3;2,0,0;6,32,34,-1;4,0,20,0,-1;4,10,26,0,-1
Upsilontonos	1,2,3;2,0,0;6,16,18,-1;14,7,2,0,-1;4,2,13,-1,-1
Omegatonos	1,11,3;2,0,0;6,42,44,-1;4,0,1,0,-1;4,1,21,-1,-1;4,0,22,-1,-1;4,21,24,-1,-1;4,11,32,0,-1;4,1,40,-1,-1
alpha	1,8,0;2,0,0;14,13,8,0,-1;4,8,16,-1,0;4,0,40,0,-1;4,40,24,-1,-1;4,0,31,-1,-1;14,36,0,8,-1;4,36,45,0,-1;4,13,46,0,-1;4,8,51,0,-1
beta	1,6,4;2,0,1;2,23,0;14,38,6,23,0;4,38,41,0,-1;14,15,41,38,-1;14,26,15,23,-1;4,23,30,0,-1;4,6,51,0,-1;4,26,57,0,-1
gamma	1,10,0;2,0,1;14,16,10,0,-1;4,10,20,-1,0;4,16,26,0,-1
delta	1,20,4;2,0,0;14,55,20,0,-1;14,10,20,55,-1;4,20,27,0,-1;4,0,45,0,-1
epsilon	1,17,0;2,0,0;14,37,17,0,0;4,37,30,0,-1;14,8,30,37,-1;4,17,24,0,-1;4,0,43,0,-1
zeta	1,25,4;2,9,0;2,0,1;4,25,19,0,-1;4,19,27,-1,-1;4,9,38,0,-1
eta	1,23,0;2,0,1;2,13,0;4,23,6,0,-1;14,19,23,13,-1;4,19,11,0,-1;4,23,17,-1,0
theta	1,8,4;2,0,0;4,8,16,0,-1;14,28,8,0,0;4,28,19,0,-1;4,0,23,0,-1
iota	1,6,0;2,0,0;4,6,4,0,-1;4,0,12,0,-1
kappa	1,16,0;2,12,0;14,5,12,16,-1;14,21,16,12,-1;4,16,27,-1,0;4,27,28,0,-1;14,31,16,12,-1;4,12,36,-1,-1
lambda	1,15,4;2,1,0;14,2,15,1,-1;4,15,8,0,-1;4,1,21,-1,-1;14,24,1,15,-1
mu	1,1,0;2,33,0;2,0,1;4,33,6,0,-1;4,1,13,-1,-1;14,29,33,13,-1;4,29,11,0,-1;4,6,19,-1,-1;4,33,26,-1,-1;14,36,1,33,-1
nu	1,3,0;2,0,0;14,9,3,0,-1;4,3,16,-1,0
xi	1,32,4;2,9,0;2,0,1;14,52,32,9,0;4,52,45,0,-1;14,19,45,52,-1;4,32,26,0,-1;4,26,34,-1,0;4,9,62,0,-1
omicron	1,10,0;2,0,0;4,0,20,0,-1;4,10,30,0,-1
pi	1,19,0;2,0,0;4,19,16,0,-1;4,16,8,-1,-1;4,0,13,-1,0;4,8,21,-1,-1;4,0,29,0,-1
rho	1,6,0;2,0,1;2,16,0;14,19,6,16,-1;4,16,25,0,-1;4,6,35,0,-1;4,19,41,0,-1
sigma	1,10,0;2,0,0;4,10,34,0,-1;4,34,12,-1,-1;4,0,24,0,-1
tau	1,7,0;2,0,0;4,7,4,0,-1;4,4,9,-1,-1;4,0,14,0,-1
upsilon	1,11,0;2,0,0;4,0,23,0,-1;4,11,32,-1,0
phi	1,33,0;2,22,1;2,23,0;4,23,5,0,-1;4,33,6,0,-1;4,6,16,-1,-1;4,5,17,-1,-1;4,33,35,-2,-1;4,33,36,-1,-1;4,23,46,-1,-1
chi	1,3,0;2,1,1;14,2,5,12,-1;4,3,8,-1,0;14,9,12,5,-1;4,1,10,-1,0
psi	1,8,0;2,0,1;2,1,0;4,1,20,0,-1;4,8,21,-2,-1;4,20,23,-1,-1;4,8,32,-1,0;4,1,40,-1,-1
omega	1,8,0;2,0,0;4,0,17,0,-1;4,17,34,-1,-1;4,8,43,-1,-1;4,0,53,-1,-1;14,57,8,0,-1
sigma.end	1,19,0;2,0,1;6,9,36,0;4,19,26,0,-1
beta.a	1,11,4;2,0,0;4,11,37,0,-1;14,50,11,0,0;14,20,37,50,-1;4,50,29,-1,-1;4,0,40,0,-1
theta.a	1,45,4;2,13,0;14,35,45,13,0;4,35,5,0,-1;4,45,8,0,-1;14,21,35,13,-1;4,13,30,0,-1
phi.a	1,24,0;2,0,1;2,1,0;4,24,9,-1,0;4,1,20,0,-1;4,1,32,-1,-1;4,20,39,-1,-1;4,24,49,0,-1
kai	1,20,0;2,16,0;4,16,4,-1,0;4,4,0,-2,-1;14,9,16,20,-1;14,25,20,16,-1;4,20,31,-1,0;4,31,32,0,-1;14,35,20,16,-1;4,4,40,-1,-1
koppa	1,31,0;2,20,1;2,21,0;4,21,0,0,-1;4,31,10,0,-1;4,21,41,-1,-1
stigma	1,19,0;2,0,1;6,9,32,0;4,19,24,0,-1
digamma	1,1,0;2,0,1;4,1,3,0,-1;4,7,6,0,-1
numeralsign	6,0,2,-1
lownumeralsign	6,4,2,-1
tonos.cap	6,0,2,-1
iotaadscript	8,3,0;2,0,0;4,0,10,0,-1
lenis.cap	6,0,1,-1;4,1,7,-2,-1;4,7,8,-2,-1
asper.cap	6,0,16,-1;4,16,11,-2,-1;4,11,10,-2,-1
varia.cap	6,0,2,-1
lenisgrave.cap	6,0,1,-1;4,1,6,-2,-1;4,6,7,-2,-1;4,0,13,-1,-1;4,7,15,-1,-1
aspergrave.cap	6,0,12,-1;4,12,7,-2,-1;4,7,6,-2,-1;4,0,13,-1,-1;4,6,15,-1,-1
lenisacute.cap	6,0,1,-1;4,1,6,-2,-1;4,6,7,-2,-1;4,0,13,-1,-1;4,7,15,-1,-1
asperacute.cap	6,0,12,-1;4,12,7,-2,-1;4,7,6,-2,-1;4,6,14,-1,-1;4,0,16,-1,-1
lenistilde.cap	6,24,25,-1;6,0,17,-1;4,17,5,-1,-1;4,0,8,-1,-1;4,5,12,-2,-1;4,12,20,-1,-1;4,25,30,-2,-1;4,30,31,-2,-1
aspertilde.cap	6,0,14,-1;6,15,32,-1;4,14,9,-2,-1;4,9,8,-2,-1;4,32,20,-1,-1;4,15,23,-1,-1;4,20,27,-2,-1;4,27,35,-1,-1
Be	1,1,3;2,0,0;4,1,3,0,-1;14,22,1,0,0;4,22,5,0,-1;4,0,16,0,-1
De	1,13,3;2,0,1;2,21,0;4,21,2,0,-1;4,2,27,-1,-1;4,27,16,-1,-1;4,0,19,-1,-1;4,13,28,0,-1
Zhe	1,14,3;2,0,0;14,51,14,0,0;4,51,21,0,-1;14,1,21,51,-1;4,14,7,0,-1;4,14,22,-1,0;4,21,25,-1,-1;4,14,31,-1,-1;4,7,38,-1,-1;4,51,47,-1,-1;14,44,25,47,-1;4,0,50,-1,-1;4,50,46,-1,-1
Ze	1,35,3;2,0,0;4,0,9,0,-1;14,18,35,0,0;4,18,19,0,-1;4,35,28,0,-1;14,44,19,18,-1
Icyr	1,1,3;2,0,0;14,6,1,0,-1;4,1,9,-1,-1;4,0,12,-1,-1;14,17,0,1,-1
Ka	1,10,3;2,0,0;4,10,1,-1,0;14,26,10,0,0;4,26,4,0,-1;4,10,16,0,-1;14,22,4,26,-1;4,0,24,-1,-1
El	1,14,3;2,0,0;4,0,6,0,-1;4,0,17,-1,0;4,14,18,0,-1
Ucyr	1,11,3;2,0,0;4,0,6,0,-1;14,10,0,11,-1;14,14,11,0,-1;4,11,17,-1,-1
Ef	1,22,3;2,14,0;4,14,15,-2,-1;4,15,3,0,-1;4,22,21,-2,-1;4,21,4,0,-1;4,4,10,-1,-1;4,3,11,-1,-1;4,21,24,-1,-1;4,15,30,-1,-1
Tse	1,1,3;2,11,1;2,0,0;4,0,4,0,-1;4,1,5,-1,-1;4,4,8,-1,-1
Che	1,10,3;2,0,0;14,4,10,0,0;4,4,17,0,-1;4,10,21,-1,-1
Sha	1,1,3;2,0,0;4,0,4,0,-1;4,1,6,-1,-1;4,4,8,-1,-1;4,6,10,-1,-1
Shcha	1,1,3;2,15,1;2,0,0;4,0,4,0,-1;4,1,6,-1,-1;4,4,8,-1,-1;4,6,10,-1,-1;4,8,12,-1,-1
Hard	1,3,3;2,0,0;4,3,1,0,-1;14,22,3,0,0;4,22,6,0,-1;4,0,16,0,-1
Yeru	1,1,3;2,0,0;14,20,1,0,0;4,20,3,0,-1;4,0,14,0,-1;4,1,24,-1,-1;4,0,25,-1,-1
Soft	1,1,3;2,0,0;14,20,1,0,0;4,20,3,0,-1;4,0,14,0,-1
Ecyr	1,23,3;2,0,0;4,0,7,0,-1;14,11,23,0,0;4,11,12,0,-1;4,23,16,0,-1
Yu	1,13,3;2,0,0;14,4,13,0,0;4,0,6,-1,0;4,13,7,-1,0;4,4,10,0,-1;4,0,23,0,-1;4,13,29,0,-1
Ya	1,14,3;2,4,0;4,4,0,-1,-1;14,2,14,4,0;4,2,17,0,-1;14,5,17,2,-1;4,14,19,0,-1
Dje	1,23,3;2,0,0;4,0,7,0,-1;4,0,20,-1,0;14,15,23,20,0;4,23,21,0,-1;4,21,25,-1,-1;4,15,30,0,-1
Ieukran	1,10,3;2,0,0;4,10,17,0,-1;14,22,0,10,0;4,22,21,0,-1;4,0,26,0,-1
Lje	1,14,3;2,0,0;4,0,6,0,-1;14,41,14,0,0;4,41,16,0,-1;4,0,24,-1,0;4,14,25,0,-1;4,24,35,0,-1
Nje	1,1,3;2,0,0;14,26,1,0,0;4,26,8,0,-1;4,8,4,-1,0;4,1,6,-1,-1;4,0,15,-1,-1;4,26,16,-1,0;4,15,20,0,-1
Tshe	1,3,3;2,0,0;4,3,1,0,-1;4,1,5,-1,-1;14,19,3,0,0;4,19,10,0,-1;4,0,15,-1,-1
Dzhe	1,1,3;2,10,1;2,0,0;4,0,3,0,-1;4,1,6,-1,-1;4,0,8,-1,-1
Yat	2,0,0;6,29,11,0;6,2,3,0;4,3,6,-2,-1;4,3,8,-1,-1;4,2,9,-1,-1;4,0,22,0,-1
Fita	1,10,3;2,0,0;4,10,20,0,-1;14,30,0,10,0;4,30,23,0,-1;4,0,27,0,-1
Izhitsa	1,18,3;2,0,0;4,18,1,-1,0;14,8,0,18,-1;4,18,23,0,-1
Gheup	1,1,3;2,0,0;4,1,4,-2,-1;4,1,5,0,-1
Ghestroke	1,5,3;2,0,0;14,11,5,0,0;4,11,2,-1,-1;4,11,10,0,-1;4,10,4,-1,-1;4,5,7,0,-1
Zhedescender	1,24,3;2,0,1;2,10,0;4,10,5,-1,-1;4,5,1,-1,-1;14,7,24,10,0;4,7,3,-1,-1;4,7,31,0,-1;14,11,31,7,-1;4,24,17,0,-1;4,24,32,-1,0;4,31,35,-1,-1;4,24,41,-1,-1;4,17,48,-1,-1;14,54,35,3,-1;4,1,56,0,-1
Zedescender	1,36,3;2,0,1;2,1,0;4,1,10,0,-1;14,19,36,1,0;4,19,20,0,-1;4,36,29,0,-1;14,45,20,19,-1;4,1,53,-1,-1
Kadescender	1,16,3;2,0,1;2,6,0;4,6,1,-1,-1;14,4,16,6,0;4,16,7,-1,0;4,4,10,0,-1;4,16,22,0,-1;14,28,10,4,-1;4,1,30,0,-1
Kabashkir	1,12,3;2,0,0;4,12,4,-1,0;4,4,2,0,-1;14,27,12,0,0;4,27,6,0,-1;4,12,17,0,-1;14,23,6,26,-1;4,0,25,-1,-1
Endescender	1,1,3;2,11,1;2,0,0;14,14,1,0,0;4,14,3,0,-1;4,1,6,-1,-1;4,0,12,-1,-1;4,12,8,0,-1
Esdescender	1,11,3;2,0,1;2,1,0;4,11,18,0,-1;4,1,28,0,-1;4,1,35,-1,-1
Ustraightstroke	1,4,3;2,21,0;4,4,15,-1,-1;14,18,21,15,0;4,18,0,-1,-1;4,18,17,0,-1;4,17,2,-1,-1;14,9,4,21,-1
Hadescender	1,14,3;2,0,1;2,12,0;4,12,1,-1,-1;14,7,12,14,-1;14,19,14,12,-1;14,13,19,6,-1;4,14,25,-1,-1;14,26,6,19,-1;4,1,28,0,-1
Chedescender	1,10,3;2,27,1;2,0,0;14,4,10,0,0;4,4,17,0,-1;4,10,22,-1,-1;4,0,24,0,-1
Shha	1,1,3;2,0,0;14,19,1,0,0;4,19,6,0,-1;4,0,12,-1,-1
be	1,15,4;2,0,0;4,15,16,0,-1;14,27,15,0,0;14,24,27,0,-1;4,0,37,0,-1;4,27,47,0,-1;4,24,50,0,-1
ve	1,1,0;2,0,0;14,33,1,0,0;4,33,18,0,-1;14,8,18,33,-1;4,1,25,0,-1;4,0,28,0,-1
ghe	1,1,0;2,0,0;4,1,3,0,-1
de	1,18,0;2,9,1;2,26,0;4,26,11,0,-1;4,11,6,-1,-1;4,18,7,0,-1;4,6,21,-1,-1;4,9,23,-1,-1
zhe	1,11,0;2,0,0;14,38,11,0,0;4,38,19,0,-1;4,19,15,-1,-1;4,38,42,-1,-1;14,1,15,42,-1;4,11,5,0,-1;4,11,17,-1,0;4,11,24,-1,-1;4,5,30,-1,-1;14,34,19,38,-1;4,0,40,-1,-1;4,40,35,-1,-1
ze	1,29,0;2,0,0;4,0,7,0,-1;14,14,29,0,0;4,14,15,0,-1;4,29,22,0,-1;14,38,15,14,-1
icyr	1,1,0;2,0,0;14,6,1,0,-1;4,1,12,-1,-1;4,0,13,-1,-1;14,18,0,1,-1
ka	1,10,0;2,0,0;4,10,1,-1,0;14,26,10,0,0;4,26,4,0,-1;4,10,16,0,-1;14,22,4,25,-1;4,0,23,-1,-1
el	1,10,0;2,0,0;4,0,6,0,-1;4,0,12,-1,0;4,10,14,0,-1
em	1,1,0;2,0,0;14,6,1,0,-1;4,1,12,-1,-1;4,0,13,-1,-1;14,19,0,1,-1;14,24,0,1,-1;14,29,1,0,-1
en	1,1,0;2,0,0;14,9,1,0,0;4,9,3,0,-1;4,1,6,-1,-1;4,0,7,-1,-1
pe	1,1,0;2,0,0;4,0,3,-1,-1;4,1,5,0,-1
te	1,3,0;2,0,0;4,3,2,0,-1;4,2,5,-1,-1
ef	1,13,0;1,18,4;2,5,0;2,0,1;14,2,0,18,-1;14,16,18,0,-1;14,21,18,0,-1;4,13,24,-1,-1;4,5,34,-1,-1;14,37,0,18,-1;4,5,40,0,-1;4,2,43,0,-1;4,16,44,0,-1;4,13,47,0,-1;4,40,57,-1,-1;4,47,67,-1,-1;4,21,70,0,-1;4,37,71,0,-1
tse	1,1,0;2,11,1;2,0,0;4,0,4,0,-1;4,1,6,-1,-1;4,4,8,-1,-1
che	1,10,0;2,0,0;14,6,10,0,0;4,6,15,0,-1;4,10,20,-1,-1
sha	1,1,0;2,0,0;4,0,4,0,-1;4,1,6,-1,-1;4,4,8,-1,-1;4,6,10,-1,-1
shcha	1,1,0;2,15,1;2,0,0;4,0,4,0,-1;4,1,6,-1,-1;4,4,8,-1,-1;4,6,10,-1,-1;4,8,12,-1,-1
hard	1,3,0;2,0,0;4,3,1,0,-1;14,20,3,0,0;4,20,5,0,-1;4,0,14,0,-1
yeru	1,1,0;2,0,0;14,18,1,0,0;4,18,3,0,-1;4,0,12,0,-1;4,1,22,-1,-1;4,0,23,-1,-1
soft	1,1,0;2,0,0;14,18,1,0,0;4,18,3,0,-1;4,0,12,0,-1
ecyr	1,27,0;2,0,0;4,0,7,0,-1;14,11,27,0,0;4,11,13,0,-1;4,27,18,0,-1
yu	1,15,0;2,0,0;14,6,15,0,0;4,0,8,-1,0;4,15,9,-1,0;4,6,12,0,-1;4,0,25,0,-1;4,15,31,0,-1
ya	1,16,0;2,4,0;14,2,16,4,0;4,2,19,0,-1;14,5,2,19,-1;4,4,17,-1,-1;4,16,20,0,-1
dje	1,25,4;2,0,1;2,20,0;4,0,7,0,-1;4,25,27,-2,-1;4,27,30,0,-1;4,30,36,-2,-1;4,36,15,0,-1;4,30,21,-1,-1;4,27,24,-1,-1
ieukran	1,10,0;2,0,0;4,10,17,0,-1;14,24,10,0,0;4,24,22,0,-1;4,0,28,0,-1
lje	1,12,0;2,0,0;4,0,6,0,-1;14,37,12,0,0;4,37,14,0,-1;4,0,21,-1,0;4,12,23,0,-1;4,21,30,0,-1
nje	1,1,0;2,0,0;14,26,1,0,0;4,26,7,0,-1;4,7,4,-1,-1;4,1,6,-1,-1;4,0,14,-1,-1;4,26,16,-1,-1;4,14,19,0,-1
dzhe	1,1,0;2,10,1;2,0,0;4,0,4,0,-1;4,1,6,-1,-1
yat	1,3,0;2,0,0;4,3,2,0,-1;4,3,6,-2,-1;4,3,8,-1,-1;4,2,9,-1,-1;14,26,3,0,0;4,26,11,0,-1;4,0,20,0,-1
izhitsa	1,14,0;2,0,0;4,14,1,-1,0;14,6,14,0,-1;4,14,20,0,-1
gheup	1,1,0;2,0,0;4,1,4,-2,-1;4,1,5,0,-1
ghestroke	1,5,0;2,0,0;14,10,5,0,0;4,10,11,0,-1;4,11,1,-1,-1;4,10,4,-1,-1;4,5,7,0,-1
zhedescender	1,21,0;2,0,1;2,10,0;4,10,5,-1,-1;4,5,1,-1,-1;14,7,21,10,0;4,7,3,-1,-1;4,7,26,0,-1;14,11,26,7,-1;4,21,15,0,-1;4,21,27,-1,0;4,26,30,-1,-1;4,21,34,-1,-1;4,15,40,-1,-1;14,44,30,3,-1;4,1,46,0,-1
zedescender	1,30,0;2,0,1;2,1,0;4,1,8,0,-1;14,15,30,1,0;4,15,17,0,-1;4,30,23,0,-1;14,39,17,15,-1;4,1,47,-1,-1
kadescender	1,16,0;2,0,1;2,6,0;4,6,1,-1,-1;14,4,16,6,0;4,16,7,-1,0;4,4,10,0,-1;4,16,22,0,-1;14,28,10,4,-1;4,1,30,0,-1
kabashkir	1,12,0;2,0,0;4,12,4,-1,0;4,4,2,0,-1;14,28,12,0,0;4,28,6,0,-1;4,12,18,0,-1;14,24,28,6,-1;4,0,25,-1,-1
endescender	1,1,0;2,11,1;2,0,0;14,14,1,0,0;4,14,3,0,-1;4,1,6,-1,-1;4,0,12,-1,-1;4,12,8,0,-1
esdescender	1,11,0;2,0,1;2,1,0;4,11,18,0,-1;4,1,28,0,-1;4,1,35,-1,-1
ustraight	1,2,0;2,0,1;14,7,2,0,-1;4,2,13,-1,-1
ustraightstroke	1,4,0;2,21,1;2,0,0;4,0,3,0,-1;14,9,4,21,-1;4,4,15,-1,-1;4,3,17,-1,-1;4,0,18,-1,-1
hadescender	1,14,0;2,0,1;2,12,0;4,12,1,-1,-1;14,6,12,14,-1;14,19,14,12,-1;14,13,19,6,-1;4,14,25,-1,-1;14,26,6,19,-1;4,1,28,0,-1
chedescender	1,10,0;2,25,1;2,0,0;14,6,10,0,0;4,6,15,0,-1;4,10,20,-1,-1;4,0,22,0,-1
be.srb	1,23,4;2,0,0;14,8,0,23,-1;4,23,24,0,-1;4,0,47,0,-1;14,57,23,0,-1
numero	1,28,2;2,0,0;6,80,81,0;6,62,74,0;4,0,4,0,-1;4,28,8,-1,0;4,0,36,-1,0;14,20,36,28,-1;4,28,32,0,-1;14,48,8,0,-1;4,81,56,-2,-1;4,56,68,0,-1
ampersand	1,18,3;2,0,0;14,49,18,0,-1;4,49,10,-1,-1;4,49,26,0,-1;14,65,0,18,-1;4,65,43,-1,-1;4,43,36,-1,-1;4,36,29,-1,-1;4,0,40,-1,-1;4,40,39,-1,-1;4,18,59,0,-1;4,0,62,0,-1;4,10,68,-1,-1
zero	1,6,2;2,0,0;4,0,12,0,-1;4,6,18,0,-1;14,24,12,18,0;4,24,30,-1,-1
one	1,8,2;2,0,0;4,0,1,0,-1;4,8,3,-1,-1;4,1,11,-1,-1
two	1,18,2;2,31,0;4,31,29,0,-1;4,29,1,-1,-1;14,6,18,31,-1;4,18,11,0,-1
three	1,33,2;2,0,0;4,0,9,0,-1;14,17,33,0,0;4,17,18,0,-1;4,33,26,0,-1;14,44,17,18,-1
four	1,4,2;2,0,0;6,12,1,0;4,12,11,-1,-1;4,11,3,-1,-1;4,12,6,-1,-1;4,1,9,-1,-1;4,4,16,0,-1
five	1,24,2;2,0,0;6,19,31,0;4,0,11,0,-1;14,28,0,24,-1;4,28,23,-1,-1;4,24,26,0,-1
six	1,10,2;2,0,0;6,25,41,0;4,10,17,0,-1;14,22,0,10,-1;4,0,33,0,-1;4,22,44,0,-1
seven	1,7,2;2,0,0;4,7,5,0,-1;4,5,9,-1,-1
eight	1,19,2;2,0,0;4,0,53,0,-1;4,19,45,0,-1;14,63,53,45,0;4,63,10,-2,-1;4,63,27,-1,0;4,27,38,-2,-1
nine	1,38,2;2,16,0;6,30,0,0;14,27,16,38,-1;4,27,3,0,-1;4,38,8,0,-1;4,16,22,0,-1
zero.0	1,6,2;2,0,0;4,6,12,0,-1;14,14,6,0,-1;14,15,0,6,-1;4,0,21,0,-1;14,23,0,6,-1;14,24,6,0,-1
zero.onum	1,6,1;2,0,0;4,0,12,0,-1;4,6,18,0,-1;14,24,12,18,0;4,24,30,-1,-1
one.onum	1,8,1;2,0,0;4,0,1,0,-1;4,8,3,-1,-1;4,1,11,-1,-1
two.onum	1,14,1;2,27,0;4,27,22,0,-1;4,22,1,-1,-1;4,14,7,0,-1;4,22,25,-1,-1
three.onum	1,33,1;6,0,9,0;6,17,18,0;4,33,26,0,-1;14,44,17,18,-1
four.onum	8,0,0;1,4,1;6,8,7,0;4,8,1,-1,-1;4,7,12,-1,-1;14,16,4,0,-1
five.onum	1,24,1;6,0,11,0;6,19,31,0;14,28,0,24,-1;4,28,23,-1,-1;4,24,26,0,-1
seven.onum	8,0,0;1,7,1;4,7,5,0,-1;4,5,9,-1,-1
nine.onum	1,38,1;6,16,22,0;6,30,0,0;14,27,16,38,-1;4,27,3,0,-1;4,38,8,0,-1
zero.0o	1,6,1;2,0,0;4,6,12,0,-1;14,14,6,0,-1;14,15,0,6,-1;4,0,21,0,-1;14,23,0,6,-1;14,24,6,0,-1
zero.cap	1,8,3;2,0,0;4,0,16,0,-1;4,8,22,0,-1;14,28,8,0,-1;4,28,34,-1,-1
one.cap	1,9,3;2,0,0;4,0,1,0,-1;4,9,4,-1,-1;4,1,11,-1,-1
two.cap	1,18,3;2,0,0;4,0,32,0,-1;4,32,1,-1,-1;4,18,11,0,-1
three.cap	1,35,3;2,0,0;4,0,9,0,-1;14,19,35,0,0;4,19,20,0,-1;4,35,28,0,-1;14,46,20,19,-1
four.cap	1,4,3;2,0,0;4,0,1,-2,-1;4,1,12,0,-1;4,12,3,-1,-1;4,12,7,-1,-1;4,1,8,-1,-1;14,16,4,0,-1
five.cap	1,24,3;2,0,0;4,0,11,0,-1;14,19,24,0,-1;4,24,26,0,-1;4,19,31,0,-1
six.cap	1,10,3;2,0,0;4,10,17,0,-1;14,25,10,0,0;4,0,33,0,-1;4,25,41,0,-1
seven.cap	1,7,3;2,0,0;4,7,5,0,-1;4,5,9,-1,-1
eight.cap	1,19,3;2,0,0;14,63,19,0,-1;4,63,38,0,-1;14,11,38,63,-1;14,28,63,38,-1;4,19,45,0,-1;4,0,53,0,-1
nine.cap	1,38,3;2,16,0;14,30,38,16,0;4,30,0,0,-1;4,38,8,0,-1;4,16,22,0,-1
zero.0c	1,8,3;2,0,0;4,8,16,0,-1;14,18,8,0,-1;14,19,0,8,-1;4,0,25,0,-1;14,27,0,8,-1;14,28,8,0,-1
period	2,0,0;4,0,6,-2,-1
comma	6,6,12,-2
exclam	1,2,3;2,6,0;4,6,12,-2,-1;4,12,0,-2,-1
exclamdown	1,12,0;2,0,1;4,12,6,-2,-1;4,6,2,-2,-1
question	2,32,0;6,12,19,0;4,32,38,-2,-1;4,38,0,-2,-1
questiondown	1,38,0;2,0,1;4,38,32,-2,-1;4,32,12,-2,-1;4,0,25,0,-1
quoteleft	6,0,12,-1
quoteright	6,12,6,-1
underscore	6,3,2,0
parenleft	6,0,6,-2
parenright	6,0,8,-2
bracketleft	6,7,6,0;6,3,2,0
bracketright	6,0,1,0;6,4,5,0
braceleft	6,11,12,0;6,51,50,0;6,25,24,0;14,38,11,12,-1
braceright	6,40,39,0;6,0,1,0;6,26,27,0;14,14,40,39,-1
slash	1,1,4;4,1,3,-2,-1
bar	6,3,2,-2
backslash	1,1,4;4,1,3,-2,-1
brokenbar	6,3,6,-2
asterisk	8,0,0;14,2,0,6,-1;4,2,5,0,-1;4,5,8,-1,-1;4,2,11,-1,-1;4,0,13,-1,-1
dagger	6,1,4,0;4,4,6,-2,-1;4,4,7,-1,-1;4,1,10,-1,-1
daggerdbl	6,6,9,0;6,1,4,0;4,9,11,-2,-1;4,9,12,-1,-1;4,6,15,-1,-1;4,4,17,-1,-1;4,1,20,-1,-1;4,1,21,-2,-1
section	6,0,7,0;6,35,28,0;14,69,28,0,-1;14,20,38,69,-1;14,61,0,28,-1;14,48,61,10,-1
questiondbl	1,17,3;2,28,0;4,28,34,-2,-1;4,34,0,-2,-1;4,17,10,0,-1;4,0,40,-1,-1;4,10,50,-1,-1;4,17,57,-1,-1;4,28,68,-1,-1;4,34,74,-1,-1
exclamquestion	1,42,3;2,46,0;4,46,52,-2,-1;4,52,40,-2,-1;4,40,0,-1,-1;4,42,17,-1,0;4,17,10,0,-1;4,46,28,-1,-1;4,52,34,-1,-1
questionexclam	8,42,0;2,28,0;4,28,34,-2,-1;4,34,0,-2,-1;4,42,17,-1,0;4,17,10,0,-1;4,0,40,-1,-1;4,28,46,-1,-1;4,34,52,-1,-1
interrobang	1,21,3;2,34,0;4,34,40,-2,-1;4,40,0,-2,-1;4,21,15,0,-1;4,15,2,-2,-1;14,5,21,0,-1
interrobangdown	1,35,0;2,22,1;4,35,41,-2,-1;4,41,0,-2,-1;4,22,15,0,-1;4,15,2,-2,-1;14,5,0,22,-1
ceilingleft	6,2,3,0
ceilingright	6,3,2,0
floorleft	6,4,5,0
floorright	6,1,0,0
bracketleftwhite	6,2,3,0;6,6,7,0
bracketrightwhite	6,5,4,0;6,1,0,0
brackhalftopleft	6,2,3,0
brackhalftopright	6,3,2,0
brackhalfbotleft	6,4,5,0
brackhalfbotright	6,1,0,0
copyright	1,10,2;2,0,0;4,0,20,0,-1;4,10,30,0,-1;4,20,40,-1,-1;4,30,50,-1,-1;4,50,57,0,-1;4,40,65,0,-1
soundcopyright	1,10,2;2,0,0;6,48,52,0;4,0,20,0,-1;4,10,30,0,-1;4,30,42,-1,-1;4,20,50,-1,-1;4,42,58,0,-1
registered	6,0,20,0;6,30,10,0;6,53,57,0;4,30,42,-1,-1;4,53,50,-1,-1;4,20,55,-1,-1;4,55,52,-1,-1
trademark	8,7,0;6,2,3,0;6,22,13,0;4,2,5,-1,-1;4,7,8,-1,-1;4,3,9,-1,-1;4,3,15,-1,-1;4,15,10,-1,-1;4,8,18,-1,-1;4,15,21,0,-1;4,21,24,-1,-1
servicemark	8,0,0;6,29,22,0;6,56,47,0;4,0,7,0,-1;4,0,42,-1,-1;4,22,43,-1,0;4,22,49,-1,0;4,49,44,-1,-1;4,42,52,-1,-1;4,49,55,0,-1;4,55,58,-1,-1
at	6,0,48,0;6,38,10,0;6,24,55,0;4,24,17,-1,0;14,18,24,10,-1;14,59,10,24,-1;4,59,32,0,-1;4,18,58,0,-1
at.case	1,10,3;2,0,0;6,24,55,0;4,24,17,-1,0;14,18,24,10,-1;14,59,10,24,-1;4,59,32,0,-1;4,10,38,0,-1;4,0,48,0,-1;4,18,58,0,-1
numbersign	1,13,2;1,17,2;2,4,0;2,0,0;6,6,7,0;6,10,11,0
asterisk.a	8,0,0;1,6,4;14,2,6,0,-1;4,2,5,-2,-1;4,5,8,-1,-1;4,0,13,-1,-1;4,2,14,-2,-1
hyphen.a	6,0,1,0
dollar.a	6,24,12,0;6,20,62,0;6,48,9,0;4,62,5,-1,-1;4,24,29,-2,-1;4,24,30,-1,-1;4,12,37,-1,-1;4,20,38,-1,-1;4,48,53,-2,-1;4,48,54,-1,-1;4,9,61,-1,-1
zero.subs	6,6,18,0;6,12,0,0
one.subs	6,0,1,0;6,9,4,0;4,1,11,-1,-1
two.subs	6,0,25,0;6,16,9,0;4,25,1,-1,-1
three.subs	6,0,7,0;6,27,20,0;6,14,13,0;14,35,14,13,-1
four.subs	8,0,0;8,4,0;6,1,7,0;4,7,3,-1,-1;4,7,11,-1,-1;4,1,12,-1,-1
five.subs	6,0,7,0;6,18,20,0;6,25,13,0
six.subs	6,0,30,0;6,15,8,0;14,22,8,0,-1;4,22,36,0,-1
seven.subs	8,0,0;6,7,5,0
eight.subs	6,0,40,0;6,13,32,0;6,26,48,0;14,6,26,48,-1;14,20,48,26,-1
nine.subs	6,12,19,0;6,6,34,0;14,26,34,12,-1;4,26,0,0,-1
period.subs	6,0,6,0
comma.subs	6,6,12,0;4,6,1,-2,-1;4,1,0,0,-1
zero.dnom	2,0,0;6,18,6,0;4,0,12,0,-1
one.dnom	2,0,0;6,1,6,0
two.dnom	2,26,0;6,9,16,0;4,26,24,0,-1;4,24,1,-1,-1
three.dnom	2,0,0;6,12,13,0;6,19,26,0;4,0,7,0,-1;14,31,13,12,-1
four.dnom	8,4,0;2,0,0;6,1,7,0;4,7,3,-1,-1;4,7,11,-1,-1;4,1,12,-1,-1
five.dnom	2,0,0;6,20,19,0;6,13,24,0;4,0,7,0,-1;14,22,13,24,-1;4,22,17,-1,-1
six.dnom	2,0,0;6,17,10,0;6,35,23,0;14,20,0,10,-1;4,0,29,0,-1;4,20,38,0,-1
seven.dnom	2,0,0;6,5,8,0;4,5,9,-1,-1
eight.dnom	2,0,0;6,36,15,0;4,0,42,0,-1;14,39,15,42,-1;14,45,0,36,-1
nine.dnom	2,12,0;6,6,31,0;6,25,0,0;14,22,31,12,-1;4,22,3,0,-1;4,12,19,0,-1
period.dnom	6,0,6,0
comma.dnom	2,6,0;4,6,1,-2,-1;4,1,0,0,-1;4,6,12,0,-1
hyphen.sups	6,0,1,0
endash.sups	6,0,1,0
emdash.sups	6,0,1,0
currency	6,32,35,0;6,45,14,0
dollar	6,19,31,0;6,4,49,0;14,7,19,49,-1;4,19,21,-2,-1;4,19,22,-1,-1;14,34,49,19,-1;4,49,46,-1,-1;4,49,47,-2,-1
sterling	1,16,2;2,43,0;6,10,7,0;4,43,42,0,-1;4,42,1,-1,-1;4,16,23,0,-1;4,10,31,-1,-1;4,7,34,-1,-1
yen	1,9,2;2,29,0;14,15,29,19,-1;4,15,21,-1,-1;4,21,24,0,-1;4,24,5,-1,-1;4,5,4,-2,-1;4,4,25,-1,-1;4,25,28,0,-1;4,28,1,-1,-1;4,21,8,-1,-1;4,9,20,-1,-1
Euro	1,20,2;2,0,0;6,33,39,-2;4,39,42,0,-1;4,42,5,-1,-1;4,39,8,-1,-1;4,33,14,-1,-1;4,33,30,0,-1;4,30,17,-1,-1;4,20,27,0,-1;4,0,45,0,-1
cent	6,38,31,0;6,30,23,0;4,31,3,-1,0;4,30,4,-1,0;4,38,9,-2,-1;4,38,10,-1,0;4,23,20,-1,0;4,23,21,-2,-1
florin	1,23,3;6,0,7,0;6,38,37,0;4,38,13,-1,-1;4,37,17,-1,-1;4,23,30,0,-1
colonmonetary	1,29,2;2,52,0;4,29,0,0,-1;4,52,6,0,-1;4,52,55,-2,-1;4,55,50,-1,-1;4,29,24,-2,-1;14,12,50,24,-1;14,13,24,50,-1;4,24,32,-1,-1;14,41,24,50,-1;14,42,50,24,-1
lira	1,23,2;2,56,0;6,11,14,-1;4,56,55,0,-1;4,55,1,-1,-1;4,11,7,-2,-1;4,14,17,-2,-1;4,23,30,0,-1;4,17,39,-1,-1;4,14,40,-1,-1;4,11,45,-1,-1;4,7,46,-1,-1
naira	1,17,2;2,8,0;6,12,13,-1;14,0,17,8,-1;4,13,16,-2,-1;4,16,2,-1,-1;14,4,8,17,-1;4,12,9,-2,-1;4,9,33,-1,-1;4,33,6,-1,-1;4,2,20,-1,-1;4,17,22,-1,-1;4,20,24,-1,-1;4,13,41,-1,-1;4,41,37,-1,-1;4,37,25,-1,-1;4,12,40,-1,-1;4,40,36,-1,-1;4,36,28,-1,-1;4,6,29,-1,-1;4,8,31,-1,-1
peseta	1,5,2;2,0,0;4,5,27,0,-1;4,27,23,-2,-1;4,23,33,0,-1;4,33,1,-1,-1;4,23,4,-1,-1;4,23,12,-1,-1;4,33,13,-1,-1;4,33,28,-2,-1;4,28,19,0,-1
won	1,15,2;2,10,0;14,0,10,15,-1;14,38,15,10,0;4,38,17,-2,-1;4,17,2,-1,-1;14,4,15,10,-1;4,38,31,-1,-1;4,31,7,-1,-1;4,38,11,-1,-1;4,17,14,-1,-1;14,19,15,10,-1;4,2,22,-1,-1;4,15,24,-1,-1;4,22,26,-1,-1;4,7,27,-1,-1;4,10,29,-1,-1;14,34,15,10,-1
dong	2,48,0;6,37,8,0;4,48,46,0,-1;4,46,0,0,-1;4,8,23,-2,-1;4,23,14,-1,-1;4,23,20,0,-1;4,20,16,-1,-1;4,20,19,-2,-1;4,0,30,0,-1
peso	1,9,2;2,0,0;4,9,36,0,-1;4,36,32,-2,-1;4,32,41,-1,-1;4,41,42,-2,-1;4,42,50,-2,-1;4,50,1,-1,-1;4,42,4,-1,-1;4,41,5,-1,-1;4,32,8,-1,-1;4,32,14,-1,-1;4,41,15,-1,-1;4,42,23,-1,-1;4,50,24,-1,-1;4,50,45,-2,-1;4,45,29,0,-1
guarani	1,11,2;2,1,0;6,36,37,0;4,11,13,-2,-1;4,11,14,-1,-1;4,11,21,0,-1;4,1,31,0,-1;4,1,41,-1,-1;4,1,42,-2,-1
hryvnia	1,36,2;2,0,0;14,12,36,0,0;4,12,8,-2,-1;4,12,15,-2,-1;4,15,19,-2,-1;4,36,27,0,-1;4,19,45,-1,-1;4,15,46,-1,-1;4,12,51,-1,-1;4,8,52,-1,-1;4,0,59,0,-1
cedi	1,20,2;2,10,0;4,10,5,0,-1;4,20,6,0,-1;4,20,22,-2,-1;4,20,23,-1,-1;4,6,30,-1,-1;4,5,31,-1,-1;4,10,38,-1,-1;4,10,39,-2,-1
rupeeindian	1,14,2;2,30,0;14,0,14,30,0;4,0,2,0,-1;4,14,21,-2,-1;4,21,9,-1,-1;4,9,22,0,-1;4,22,5,-1,-1;4,14,13,0,-1;4,14,16,0,-1
liraturkish	1,9,2;2,0,0;14,15,0,9,-1;4,15,18,-1,-1;4,18,1,-1,-1;4,15,4,-1,-1;4,4,2,-1,-1;4,4,14,-1,-1;4,14,5,-1,-1;4,14,11,-1,-1;4,11,8,-1,-1;4,8,6,-1,-1;4,14,12,-1,-1;4,18,16,-1,-1;4,0,19,0,-1
tugrik	1,11,2;2,0,0;14,19,11,0,-1;4,19,22,-1,-1;4,22,1,-1,-1;4,19,4,-1,-1;4,4,2,-1,-1;4,19,18,-1,-1;4,18,5,-1,-1;4,18,15,-1,-1;4,15,8,-1,-1;4,8,6,-1,-1;4,11,13,0,-1;4,13,10,-1,-1;4,18,16,-1,-1;4,22,20,-1,-1
tenge	1,10,2;2,0,0;4,10,12,0,-1;4,12,4,0,-1;4,4,6,0,-1;4,6,1,-1,-1
ruble	1,9,2;2,0,0;14,20,9,0,0;4,20,22,-2,-1;4,22,25,0,-1;4,25,1,-1,-1;4,22,4,-1,-1;4,20,5,-1,-1;4,20,27,0,-1;4,27,8,-1,-1;4,9,34,0,-1
franc	1,5,2;2,0,0;14,11,5,0,0;4,11,13,-2,-1;4,13,16,0,-1;4,16,1,-1,-1;4,13,4,-1,-1;4,5,8,0,-1;4,11,9,0,-1
plus	6,2,3,0;4,3,7,-1,-1;4,2,10,-1,-1
minus	6,0,1,0
multiply	6,10,6,-2;14,11,10,6,-1;4,11,2,-1,-1;4,11,8,-1,-1;4,8,5,-1,-1
divide	6,27,26,0;4,26,0,-2,-1;4,0,6,-2,-1;4,27,18,-2,-1;4,18,12,-2,-1
less	6,1,2,0;4,1,7,-1,0;4,7,0,0,-1;4,2,4,-1,0;4,4,3,0,-1;14,6,2,1,-1
greater	6,7,6,0;4,7,1,-1,0;4,1,0,0,-1;14,3,6,7,-1;4,6,4,-1,0;4,4,5,0,-1
lessequal	2,3,0;6,5,6,0;4,3,1,0,-1;14,11,6,5,-1;4,11,4,-1,-1;4,11,7,-1,-1;4,7,8,0,-1;4,4,13,0,-1
greaterequal	2,3,0;6,13,12,0;4,3,1,0,-1;14,7,12,13,-1;4,7,4,-1,-1;4,4,5,0,-1;4,7,11,-1,-1;4,11,10,0,-1
plusminus	2,15,0;6,1,4,0;4,15,13,0,-1;4,13,0,-2,-1;4,4,5,-2,-1;4,4,7,-1,-1;4,1,9,-1,-1
asciicircum	1,1,3;4,1,3,-2,-1;4,3,0,-1,-1;14,6,1,3,-1
notequal	6,14,8,0;4,14,15,-2,-1;4,15,18,0,-1;4,18,1,-1,-1;4,1,0,-2,-1;4,15,4,-1,-1;4,14,5,-1,-1;4,8,9,-2,-1;4,8,11,-1,-1
asciitilde	6,5,14,0;6,19,0,0;4,0,10,-1,-1;4,14,24,-1,-1
logicalnot	6,2,3,0
infinity	1,32,0;6,0,56,0;6,11,42,0;6,48,21,0;14,5,0,32,-1;4,5,67,-1,-1;4,67,26,-1,-1;4,5,45,-1,-1;4,32,64,0,-1
degree	6,26,10,0;6,0,20,0
partialdiff	1,27,3;2,0,0;6,45,10,0;14,13,0,10,-1;4,27,21,0,-1;4,0,37,0,-1;4,13,42,0,-1
universal	1,3,3;2,2,0;14,13,3,2,-1;4,13,5,0,-1;4,3,7,-1,-1;14,9,2,3,-1
existential	1,9,3;2,0,0;4,0,2,0,-1;14,3,9,0,0;4,3,5,0,-1;4,9,7,0,-1
summation	1,4,2;6,13,12,0;4,12,1,-1,-1;4,4,6,0,-1;14,9,12,6,-1;4,9,2,-1,-1;4,6,3,-1,-1
product	8,7,0;8,4,0;1,1,2;4,1,5,0,-1
litre	1,18,4;2,0,0;14,40,18,0,-1;4,40,26,0,-1;4,26,5,-2,-1;4,40,12,-2,-1;4,0,32,0,-1;4,18,48,0,-1
estimated	1,10,3;2,0,0;6,17,33,0;4,0,26,0,-1;4,10,42,0,-1
checkedbox	1,28,3;1,21,3;2,30,0;6,18,8,0;4,28,11,0,-1;4,11,15,-1,-1
eighthnote	8,12,0;6,0,8,-2;4,12,33,-1,-1
lock	8,0,0;6,8,39,0;6,33,27,-1;4,27,34,-2,-1;4,34,4,-1,-1;4,34,12,-1,-1;4,0,19,-2,-1
gravecmb	6,0,2,-1
gravecmb.cap	6,0,2,-1
variacmb	6,0,2,-1
acutecmb	6,0,2,-2
acutecmb.cap	6,0,2,-2
tonoscmb	6,0,2,-1
circumflexcmb	6,0,2,-1;4,0,5,-1,-1;14,7,2,0,-1
circumflexcmb.cap	6,0,2,-1;4,0,5,-1,-1;14,7,2,0,-1
tildecmb	6,0,19,-1;4,19,5,-1,-1;4,0,9,-1,-1;4,5,14,-2,-1;4,14,23,-1,-1
tildecmb.cap	6,0,17,-2;4,0,5,-2,-1;4,0,8,-1,-1;4,5,12,-2,-1;4,12,21,-1,-1
macroncmb	6,0,1,-1
macroncmb.cap	6,0,1,-1
brevecmb	6,0,11,-1;4,11,5,-2,-1;4,5,17,-1,-1
brevecmb.cyr	6,0,11,-1;4,11,5,-2,-1;4,5,17,-1,-1
brevecmb.cap	6,0,11,-2;4,11,6,-2,-1;4,6,16,-1,-1
brevecmb.cyrcap	6,0,11,-1;4,11,5,-2,-1;4,5,17,-1,-1
dotaccentcmb	6,0,6,-2
dotaccentcmb.cap	6,0,6,-2
dieresiscmb	6,6,0,-2;4,0,12,-1,-1;4,6,18,-1,-1
dieresiscmb.cap	6,0,6,-2;4,0,12,-1,-1;4,6,18,-1,-1
hoicmb	6,0,1,-1;4,1,6,-2,-1;4,6,7,-2,-1
hoicmb.cap	6,0,1,-1;4,1,6,-2,-1;4,6,7,-2,-1
candrabinducmb	6,0,11,-1;4,11,5,-2,-1;4,5,17,-1,-1;4,17,22,-1,-1;4,22,28,-2,-1
candrabinducmb.cap	6,0,11,-1;4,11,5,-2,-1;4,5,17,-1,-1;4,17,22,-1,-1;4,22,28,-2,-1
ringcmb	6,0,12,-1;4,12,18,-2,-1;4,18,6,-2,-1
ringcmb.cap	6,0,12,-2;4,12,18,-2,-1;4,18,6,-2,-1
hungarumlautcmb	6,2,0,-2;4,0,4,-1,-1;4,2,6,-1,-1
hungarumlautcmb.cap	6,0,2,-1;4,0,4,-1,-1;4,2,6,-1,-1
caroncmb	6,0,2,-1;14,3,2,0,-1;4,2,5,-1,-1
caroncmb.cap	6,0,2,-1;14,3,2,0,-1;4,2,5,-1,-1
caron.a	6,0,2,-1
dblgravecmb	6,0,2,-1;4,0,4,-1,-1;4,2,6,-1,-1
dblgravecmb.cap	6,0,2,-2;4,0,4,-1,-1;4,2,6,-1,-1
breveinvertedcmb	6,6,17,-1;4,17,1,-2,-1;4,1,11,-1,-1
breveinvertedcmb.cap	6,6,15,-1;4,15,1,-2,-1;4,1,11,-1,-1
commaturnedabovecmb	6,0,11,-1;4,11,5,-2,-1
aspercmb	6,0,16,-1;4,16,11,-2,-1;4,11,10,-2,-1
commaabovecmb	6,12,6,-1;4,6,0,-2,-1
horncmb	6,0,7,-1
cedillacmb	2,8,0;4,8,10,-2,-1;4,10,7,-2,-1;4,7,1,-2,-1;4,1,0,-2,-1
cedillacmb.cap	2,8,0;4,8,10,-2,-1;4,10,7,-2,-1;4,7,1,-2,-1;4,1,0,-2,-1
ogonekcmb	2,8,0;6,0,15,-1
ogonekcmb.cap	2,8,0;6,0,15,-1
tildeoverlaycmb	6,0,19,-1;4,19,5,-1,-1;4,0,8,-1,-1;4,5,14,-2,-1;4,14,23,-1,-1
macrondoublebelowcmb	6,0,1,0
breveinverteddoublecmb	6,11,4,0;4,11,0,-2,-1;4,0,8,-1,-1
dieresisacutecmb	6,0,6,-1;6,24,26,-1;4,0,12,-1,-1;4,6,18,-1,-1
dieresisacutecmb.cap	6,0,6,-1;6,24,26,-1;4,0,12,-1,-1;4,6,18,-1,-1
dieresistonoscmb	6,0,6,-1;6,15,13,-1;4,0,16,-1,-1;4,6,22,-1,-1
dieresisgravecmb	6,0,6,-1;6,24,26,-1;4,0,12,-1,-1;4,6,18,-1,-1
dieresisgravecmb.cap	6,0,6,-1;6,24,26,-1;4,0,12,-1,-1;4,6,18,-1,-1
dialytikagravecmb	6,0,6,-1;6,12,14,-1;4,0,16,-1,-1;4,6,22,-1,-1
dieresistildecmb	6,0,6,-1;4,0,12,-1,-1;4,6,18,-1,-1;4,6,31,-2,-1;4,31,29,-2,-1;4,29,42,-1,-1;4,42,24,-2,-1;4,29,37,-2,-1;4,37,44,-1,-1
dieresismacroncmb	6,0,6,-1;4,0,12,-1,-1;4,6,18,-1,-1;4,6,24,-2,-1;4,24,25,-2,-1
dieresismacroncmb.cap	6,0,6,-1;4,0,12,-1,-1;4,6,18,-1,-1;4,6,24,-2,-1;4,24,25,-2,-1
dieresiscaroncmb	6,0,6,-1;6,24,26,-1;4,0,12,-1,-1;4,6,18,-1,-1;14,27,26,24,-1;4,26,29,-1,-1
dieresiscaroncmb.cap	6,0,6,-1;6,24,26,-1;4,0,12,-1,-1;4,6,18,-1,-1;14,27,26,24,-1;4,26,29,-1,-1
circumflexacutecmb	6,0,3,-1;6,8,10,-1;4,0,5,-1,-1;14,6,3,5,-1
circumflexacutecmb.cap	6,0,3,-1;6,8,10,-1;4,0,5,-1,-1;14,6,3,5,-1
circumflexgravecmb	6,0,3,-1;6,8,10,-1;4,0,5,-1,-1;14,6,3,5,-1
circumflexgravecmb.cap	6,0,3,-1;6,8,10,-1;4,0,5,-1,-1;14,6,3,5,-1
circumflexhoicmb	6,0,3,-1;6,8,9,-1;4,0,5,-1,-1;14,6,3,5,-1;4,9,14,-2,-1;4,14,15,-2,-1
circumflexhoicmb.cap	6,0,3,-1;6,8,9,-1;4,0,5,-1,-1;14,6,3,5,-1;4,9,15,-2,-1;4,15,16,-2,-1
circumflextildecmb	6,0,3,-1;6,8,27,-1;4,0,5,-1,-1;14,7,3,5,-1;4,27,13,-1,-1;4,8,16,-1,-1;4,13,22,-2,-1;4,22,30,-1,-1
circumflextildecmb.cap	6,0,3,-1;6,8,27,-1;4,0,5,-1,-1;14,7,3,5,-1;4,27,13,-1,-1;4,8,16,-1,-1;4,13,22,-2,-1;4,22,30,-1,-1
breveacutecmb	6,0,11,-1;4,11,5,-2,-1;4,5,17,-1,-1;4,11,22,-2,-1;4,22,24,-2,-1
breveacutecmb.cap	6,0,11,-1;4,11,5,-2,-1;4,5,17,-1,-1;4,11,22,-2,-1;4,22,24,-2,-1
brevegravecmb	6,0,11,-1;4,11,5,-2,-1;4,5,17,-1,-1;4,11,22,-2,-1;4,22,24,-2,-1
brevegravecmb.cap	6,0,11,-1;4,11,5,-2,-1;4,5,17,-1,-1;4,11,22,-2,-1;4,22,24,-2,-1
brevehoicmb	6,0,11,-1;4,11,5,-2,-1;4,5,17,-1,-1;4,11,22,-2,-1;4,22,23,-2,-1;4,23,29,-2,-1;4,29,30,-2,-1
brevehoicmb.cap	6,0,11,-1;4,11,5,-2,-1;4,5,17,-1,-1;4,11,22,-2,-1;4,22,23,-2,-1;4,23,29,-2,-1;4,29,30,-2,-1
brevetildecmb	6,0,9,-1;6,20,39,-1;4,9,5,-2,-1;4,5,15,-1,-1;4,39,25,-1,-1;4,20,28,-1,-1;4,25,34,-2,-1;4,34,42,-1,-1
brevetildecmb.cap	6,0,9,-1;6,18,37,-1;4,9,5,-2,-1;4,5,13,-1,-1;4,37,23,-1,-1;4,18,26,-1,-1;4,23,32,-2,-1;4,32,40,-1,-1
circumflexbrevecmb	4,8,17,0,-1
circumflexbrevecmb.cap	6,6,3,0;4,3,8,-2,-1
macronacutecmb	6,0,1,-1;4,1,4,-2,-1;4,4,6,-2,-1
macronacutecmb.cap	6,0,1,-1;4,1,4,-2,-1;4,4,6,-2,-1
asperacutecmb	6,0,17,-1;4,17,11,-2,-1;4,11,10,-2,-1;4,10,19,-1,-1;4,0,21,-1,-1
aspergravecmb	6,0,17,-1;4,17,11,-2,-1;4,11,10,-2,-1;4,0,18,-1,-1;4,10,20,-1,-1
aspertildecmb	6,0,14,-1;6,32,23,-1;4,14,9,-2,-1;4,9,8,-2,-1;4,23,37,-1,-1;4,37,18,-2,-1;4,18,26,-1,-1;4,32,40,-1,-1
lenisacutecmb	6,0,1,-1;4,1,7,-2,-1;4,7,8,-2,-1;4,0,18,-1,-1;4,8,20,-1,-1
lenisgravecmb	6,0,1,-1;4,1,7,-2,-1;4,7,8,-2,-1;4,0,18,-1,-1;4,8,20,-1,-1
lenistildecmb	6,26,27,-1;6,0,17,-1;4,17,5,-1,-1;4,0,8,-1,-1;4,5,12,-2,-1;4,12,20,-1,-1;4,27,32,-2,-1;4,32,33,-2,-1
dblhorzbxd	6,7,6,0;6,3,2,0
uphalfblock	8,3,0;4,3,2,-2,-1
dneighthblock	8,3,0;4,3,2,-2,-1
dnquarterblock	8,3,0;4,3,2,-2,-1
dnthreeeighthsblock	8,3,0;4,3,2,-2,-1
dnhalfblock	8,3,0;4,3,2,-2,-1
dnfiveeighthsblock	8,3,0;4,3,2,-2,-1
dnthreequartersblock	8,3,0;4,3,2,-2,-1
dnseveneighthsblock	8,3,0;4,3,2,-2,-1
fullblock	8,3,0;4,3,2,-2,-1
leftseveneighthsblock	8,3,0;4,3,2,-2,-1
leftthreequartersblock	8,3,0;4,3,2,-2,-1
leftfiveeighthsblock	8,3,0;4,3,2,-2,-1
lefthalfblock	8,3,0;4,3,2,-2,-1
leftthreeeighthsblock	8,3,0;4,3,2,-2,-1
leftquarterblock	8,3,0;4,3,2,-2,-1
lefteighthblock	8,3,0;4,3,2,-2,-1
righthalfblock	8,3,0;4,3,2,-2,-1
upeighthblock	8,3,0;4,3,2,0,-1
righteighthblock	8,3,0;4,3,2,-2,-1
dnleftquadrant	8,3,0;4,3,2,-2,-1
dnrightquadrant	8,3,0;4,3,2,-2,-1
upleftquadrant	8,3,0;4,3,2,-2,-1
upleftdnleftdnrightquadrant	8,0,0;4,0,1,-2,-1
upleftdnrightquadrant	8,6,0;4,6,2,-2,-1
upleftuprightdnleftquadrant	8,0,0;4,0,1,-2,-1
upleftuprightdnrightquadrant	8,3,0;4,3,2,-2,-1
uprightquadrant	8,3,0;4,3,2,-2,-1
uprightdnleftquadrant	8,3,0;4,3,5,-2,-1
uprightdnleftdnrightquadrant	8,5,0;4,5,4,-2,-1
fi	1,8,4;1,17,0;1,23,0;2,21,0;2,25,0;4,17,20,0,-1;4,20,1,-1,-1;4,17,4,-1,-1;4,8,13,0,-1;4,23,26,-2,-1;4,26,32,-2,-1
fl	1,25,4;1,8,4;1,17,0;2,21,0;2,22,0;4,17,20,0,-1;4,20,1,-1,-1;4,17,4,-1,-1;4,8,13,0,-1;4,22,29,0,-1
uniE0A1	8,1,0;8,6,0;8,7,0;6,0,4,0;14,9,6,7,-1;4,7,12,-1,-1;4,6,15,-1,-1;14,17,7,6,-1
