# Glyph name	TT hints
.notdef	1,(62,660),3;2,(538,0),0;4,(538,0),(427,58),0,-1;4,(427,58),(302,293),-2,-1;4,(62,660),(417,600),0,-1;4,(417,600),(302,387),-2,-1
A	1,(253,656),3;2,(32,0),0;6,(201,267),(418,200),0;4,(253,656),(297,588),0,-1;4,(32,0),(480,0),-1,-1
B	1,(103,656),3;2,(103,0),0;14,(187,314),(103,0),(103,656),0;4,(187,314),(187,376),0,-1;14,(393,349),(187,314),(187,376),-1;4,(103,656),(187,590),0,-1;4,(103,0),(187,66),0,-1
C	1,(359,668),3;2,(354,-12),0;4,(359,668),(359,595),0,-1;4,(354,-12),(359,61),0,-1
D	1,(85,656),3;2,(85,0),0;4,(85,656),(168,588),0,-1;4,(85,0),(168,68),0,-1
E	1,(115,656),3;2,(115,0),0;4,(115,656),(199,586),0,-1;14,(199,309),(115,0),(115,656),0;4,(199,309),(199,380),0,-1;4,(115,0),(199,71),0,-1
F	1,(135,656),3;2,(135,0),0;4,(135,656),(218,586),0,-1;14,(218,294),(135,0),(135,656),0;4,(218,294),(218,364),0,-1
G	1,(344,668),3;2,(337,-12),0;4,(344,668),(344,595),0,-1;4,(337,-12),(342,61),0,-1;14,(325,271),(337,-12),(344,668),0;4,(325,271),(325,340),0,-1
H	1,(79,656),3;2,(79,0),0;14,(163,309),(79,0),(79,656),0;4,(163,309),(163,381),0,-1;4,(79,656),(437,656),-1,-1;4,(79,0),(437,0),-1,-1
I	1,(95,656),3;2,(95,0),0;4,(95,0),(95,71),0,-1;4,(95,656),(95,586),0,-1;4,(95,586),(505,586),-1,-1;4,(95,71),(505,71),-1,-1
J	1,(135,657),3;2,(276,-12),0;4,(276,-12),(274,61),0,-1;4,(135,657),(410,587),0,-1
K	1,(98,656),3;1,(461,656),3;2,(182,0),0;2,(486,0),0;14,(185,327),(579,0),(98,656),-1;14,(296,341),(579,0),(98,656),-1;4,(296,341),(348,406),-1,-1;4,(185,327),(182,208),-1,-1
L	1,(134,656),3;2,(134,0),0;4,(134,0),(216,71),0,-1
M	1,(81,656),3;2,(81,0),0;6,(303,271),(322,178),0;4,(81,656),(427,656),-1,-1;4,(81,0),(448,0),-1,-1;4,(81,656),(140,571),0,-1;4,(140,571),(455,571),-1,-1
N	1,(168,656),3;2,(432,0),0;14,(381,242),(168,656),(432,0),-1;4,(432,0),(449,108),0,-1;4,(168,656),(438,656),-1,-1;14,(219,414),(432,0),(168,656),-1;4,(168,656),(153,548),0,-1;4,(432,0),(162,0),-1,-1
O	1,(300,668),3;2,(300,-12),0;4,(300,-12),(300,61),0,-1;4,(300,668),(300,595),0,-1
P	1,(102,656),3;2,(102,0),0;14,(185,260),(102,0),(102,656),0;4,(102,656),(185,589),0,-1;4,(185,260),(185,328),0,-1
Q	1,(299,669),3;2,(258,-8),0;6,(479,-163),(489,-92),0;4,(258,-8),(299,60),0,-1;4,(299,669),(299,597),0,-1;4,(258,-8),(347,-7),-1,-1
R	1,(100,656),3;2,(100,0),0;14,(183,277),(100,0),(100,656),0;4,(183,277),(183,345),0,-1;4,(100,656),(183,589),0,-1;4,(100,0),(458,0),-1,-1;4,(183,277),(386,286),-1,-1
S	1,(313,668),3;2,(305,-12),0;4,(305,-12),(306,61),0,-1;14,(452,168),(305,-12),(313,668),-1;4,(313,668),(313,595),0,-1;14,(183,499),(313,668),(305,-12),-1
T	1,(42,656),3;2,(258,0),0;4,(42,656),(42,586),0,-1;4,(42,586),(342,586),-1,-1
U	1,(79,656),3;2,(301,-12),0;4,(301,-12),(301,61),0,-1;4,(79,656),(440,656),-1,-1
V	1,(43,656),3;2,(252,0),0;4,(252,0),(300,85),0,-1;4,(43,656),(472,656),-1,-1
W	1,(93,657),3;2,(201,0),0;6,(274,487),(299,393),0;4,(201,0),(163,83),0,-1;4,(163,83),(443,83),-1,-1;4,(93,657),(511,657),-1,-1;4,(201,0),(401,0),-1,-1
X	1,(159,656),3;2,(142,0),0;14,(250,339),(142,0),(159,656),-1;14,(304,393),(142,0),(159,656),-1;4,(159,656),(445,656),-1,-1;14,(350,335),(142,0),(159,656),-1;4,(142,0),(454,0),-1,-1;14,(293,282),(142,0),(159,656),-1
Y	1,(38,656),3;1,(476,656),3;2,(342,0),0;14,(304,308),(342,0),(38,656),-1
Z	1,(97,657),3;2,(539,0),0;4,(539,0),(166,71),0,-1;4,(166,71),(65,50),-1,-1;4,(97,657),(432,587),0,-1;4,(432,587),(534,607),-1,-1
a	1,(318,498),0;2,(246,-12),0;2,(515,0),0;14,(433,308),(318,498),(515,0),0;4,(318,498),(304,430),0,-1;4,(246,-12),(268,54),0,-1;14,(134,372),(304,430),(268,54),-1;14,(441,66),(515,0),(318,498),-1;4,(441,66),(433,126),0,-1;4,(433,308),(433,254),0,-1
b	1,(338,498),0;1,(93,712),4;2,(320,-12),0;2,(93,0),0;14,(173,424),(338,498),(320,-12),-1;14,(166,54),(320,-12),(338,498),-1;4,(166,54),(175,114),0,-1;4,(320,-12),(307,57),0,-1;4,(338,498),(318,429),0,-1;4,(173,424),(175,356),0,-1
c	1,(351,498),0;2,(346,-12),0;4,(351,498),(354,430),0,-1;4,(346,-12),(352,56),0,-1
d	1,(281,498),0;1,(425,712),4;2,(271,-12),0;2,(507,0),0;14,(428,435),(281,498),(271,-12),-1;14,(432,64),(271,-12),(281,498),-1;4,(271,-12),(288,57),0,-1;4,(432,64),(425,130),0,-1;4,(428,435),(425,372),0,-1;4,(281,498),(297,429),0,-1
e	1,(316,498),0;2,(330,-12),0;6,(534,223),(153,282),0;4,(330,-12),(340,54),0,-1;4,(316,498),(317,433),0,-1
f	1,(438,724),4;1,(242,486),0;2,(242,0),0;4,(438,724),(446,657),0,-1;4,(242,486),(323,486),-1,-1;4,(242,486),(242,419),0,-1;4,(242,419),(323,419),-1,-1
g	1,(291,498),0;1,(564,486),0;1,(363,486),0;2,(296,-224),1;2,(279,-8),0;4,(296,-224),(302,-167),0,-1;4,(279,-8),(205,0),-1,-1;4,(205,0),(152,19),-1,-1;4,(279,-8),(272,60),0,-1;4,(272,60),(291,154),-2,-1;4,(291,154),(291,209),0,-1;14,(209,172),(291,209),(291,154),-1;4,(209,172),(160,194),-1,-1;4,(564,486),(564,423),0,-1;4,(363,486),(434,423),0,-1;4,(291,498),(291,438),0,-1
h	1,(93,712),4;1,(355,498),0;2,(93,0),0;2,(441,0),0;14,(171,403),(355,498),(441,0),-1;4,(355,498),(329,427),0,-1;4,(171,403),(175,339),0,-1
i	1,(90,486),0;2,(398,0),0;4,(90,486),(316,419),0,-1;4,(90,486),(348,586),-2,-1;4,(348,586),(348,713),-2,-1
j	1,(90,486),0;2,(194,-217),1;4,(194,-217),(193,-150),0,-1;4,(90,486),(316,419),0,-1;4,(90,486),(348,586),-2,-1;4,(348,586),(348,713),-2,-1
k	1,(454,486),0;1,(106,712),4;2,(106,0),0;2,(482,0),0;14,(188,230),(106,712),(106,0),-1;14,(303,243),(106,712),(482,0),-1;4,(303,243),(354,293),-1,-1;4,(188,230),(188,132),0,-1
l	1,(81,712),4;2,(406,-12),0;4,(406,-12),(424,56),0,-1;4,(81,712),(81,645),0,-1
m	1,(243,498),0;1,(450,498),0;1,(60,486),0;2,(60,0),0;2,(275,0),0;2,(477,0),0;14,(131,422),(60,0),(60,486),-1;4,(131,422),(335,414),-1,-1;4,(450,498),(424,427),0,-1;4,(335,414),(341,352),0,-1;4,(243,498),(220,427),0,-1;4,(131,422),(139,352),0,-1
n	1,(355,498),0;1,(93,486),0;2,(93,0),0;2,(441,0),0;14,(168,403),(355,498),(93,0),-1;4,(355,498),(329,427),0,-1;4,(168,403),(175,339),0,-1
o	1,(300,498),0;2,(300,-12),0;4,(300,-12),(300,56),0,-1;4,(300,498),(300,430),0,-1
p	1,(339,498),0;1,(93,486),0;2,(319,-12),0;2,(93,-205),1;14,(168,424),(339,498),(319,-12),-1;14,(173,51),(319,-12),(339,498),-1;4,(173,51),(175,114),0,-1;4,(319,-12),(305,57),0,-1;4,(339,498),(318,429),0,-1;4,(168,424),(175,356),0,-1
q	1,(281,498),0;1,(507,486),0;2,(271,-12),0;2,(425,-205),1;14,(431,432),(281,498),(271,-12),-1;14,(429,62),(271,-12),(281,498),-1;4,(271,-12),(288,57),0,-1;4,(429,62),(425,130),0,-1;4,(431,432),(425,372),0,-1;4,(281,498),(297,429),0,-1
r	1,(146,486),0;1,(441,498),0;2,(228,0),0;14,(221,371),(228,0),(146,486),-1;4,(441,498),(428,424),0,-1;4,(221,371),(228,285),0,-1
s	1,(304,498),0;2,(310,-12),0;4,(310,-12),(313,52),0,-1;14,(443,128),(310,-12),(304,498),-1;4,(304,498),(304,434),0,-1;14,(184,364),(304,498),(310,-12),-1
t	8,(288,622),0;1,(209,486),0;2,(393,-12),0;4,(209,486),(69,419),0,-1;4,(209,486),(527,486),-1,-1;4,(69,419),(527,419),-1,-1;4,(393,-12),(411,55),0,-1
u	1,(77,486),0;1,(423,486),0;2,(246,-12),0;2,(505,0),0;14,(431,85),(246,-12),(423,486),-1;4,(246,-12),(272,59),0,-1;4,(431,85),(423,149),0,-1
v	1,(51,486),0;1,(470,486),0;2,(256,0),0;4,(256,0),(301,67),0,-1
w	1,(8,486),0;1,(267,457),0;1,(514,486),0;2,(117,0),0;2,(387,0),0;14,(179,70),(8,486),(117,0),-1;4,(179,70),(427,70),-1,-1;14,(298,387),(8,486),(387,0),-1
x	1,(78,486),0;1,(435,486),0;2,(64,0),0;2,(445,0),0;14,(296,200),(78,486),(64,0),-1;4,(296,200),(249,252),-1,-1;4,(296,200),(349,245),-1,-1;4,(349,245),(307,297),-1,-1
y	1,(49,486),0;1,(473,486),0;2,(131,-209),1;2,(276,-1),0;4,(131,-209),(128,-141),0,-1;14,(315,76),(49,486),(276,-1),-1
z	1,(108,486),0;2,(532,0),0;4,(532,0),(188,67),0,-1;4,(188,67),(71,44),-1,-1;4,(108,486),(404,419),0,-1;4,(404,419),(522,442),-1,-1
Aogonek	1,(253,656),3;2,(499,0),0;2,(117,0),0;2,(568,0),0;6,(519,-212),(534,-153),0;6,(418,200),(397,267),0;4,(253,656),(301,588),0,-1
AE	1,(259,656),3;2,(591,0),0;2,(86,0),0;6,(317,191),(317,258),0;6,(540,310),(540,381),0;4,(259,656),(317,590),0,-1;4,(591,0),(591,71),0,-1;4,(317,590),(393,586),-1,-1
Bstroke	1,(291,656),3;2,(306,0),0;4,(306,0),(294,63),0,-1;4,(294,63),(187,177),-1,-1;4,(187,177),(187,224),-1,-1;4,(187,224),(187,325),-1,-1;4,(187,325),(187,380),-1,-1;4,(291,656),(281,594),0,-1;14,(401,356),(187,380),(187,325),-1;4,(187,177),(27,177),-1,-1;4,(187,224),(104,224),-1,-1;4,(104,224),(27,219),-1,-1
Eogonek	1,(115,656),3;2,(530,0),0;2,(445,0),0;6,(465,-212),(482,-153),0;6,(470,309),(470,380),0;4,(115,656),(520,586),0,-1;4,(445,0),(199,71),0,-1
Hbar	1,(79,656),3;1,(437,656),3;2,(437,0),0;2,(163,0),0;4,(437,656),(437,539),-2,-1;4,(437,539),(437,492),0,-1;4,(437,492),(437,381),-2,-1;4,(437,492),(521,492),-1,-1;4,(437,381),(437,309),0,-1;4,(437,492),(79,492),-1,-1;4,(437,539),(79,539),-1,-1;4,(437,539),(521,539),-1,-1
Iogonek	1,(95,656),3;2,(505,0),0;2,(278,0),0;6,(307,-212),(324,-153),0;4,(278,0),(95,71),0,-1;4,(95,656),(258,586),0,-1;4,(258,586),(505,586),-1,-1;4,(95,71),(342,71),-1,-1
Lslash	1,(134,656),3;2,(541,0),0;4,(541,0),(541,71),0,-1;14,(134,227),(541,0),(134,656),-1;4,(134,227),(134,295),-1,-1;4,(134,227),(216,267),-1,-1;4,(216,267),(216,335),-1,-1
Oslash	1,(300,668),3;2,(300,-12),0;14,(161,172),(300,-12),(300,668),-1;4,(161,172),(192,116),-1,-1;4,(300,-12),(300,61),0,-1;14,(441,484),(300,-12),(300,668),-1;4,(441,484),(410,540),-1,-1;4,(300,668),(300,595),0,-1;4,(441,484),(493,561),-1,-1;4,(192,116),(146,49),-1,-1;4,(161,172),(108,95),-1,-1;4,(410,540),(455,607),-1,-1
OE	1,(299,657),3;2,(591,0),0;6,(535,309),(535,380),0;4,(299,657),(387,587),0,-1;4,(591,0),(387,71),0,-1;4,(387,71),(289,68),-1,-1;4,(387,587),(310,588),-1,-1
Ohorn	1,(300,668),3;2,(300,-12),0;4,(300,-12),(300,61),0,-1;4,(300,668),(300,595),0,-1;14,(460,602),(300,-12),(300,668),-1;4,(460,602),(416,637),-1,-1
Oogonek	1,(300,668),3;2,(296,-11),0;6,(330,-212),(346,-153),0;4,(296,-11),(377,0),-1,-1;4,(296,-11),(300,61),0,-1;4,(300,668),(300,595),0,-1
Germandbls	1,(311,668),3;2,(164,0),0;2,(391,-12),0;6,(310,310),(305,364),0;14,(393,362),(305,364),(310,310),-1;4,(391,-12),(383,58),0,-1;4,(311,668),(308,599),0,-1;14,(475,171),(308,599),(391,-12),-1
Uogonek	1,(79,656),3;1,(440,656),3;2,(296,-11),0;6,(327,-212),(343,-153),0;4,(296,-11),(300,61),0,-1;4,(296,-11),(397,5),-1,-1
Uhorn	1,(79,656),3;1,(440,656),3;2,(301,-12),0;4,(440,656),(521,620),0,-1;4,(301,-12),(301,61),0,-1
Thorn	1,(101,656),3;2,(185,0),0;6,(303,150),(292,218),0;6,(292,478),(303,546),0
aogonek	1,(318,498),0;2,(246,-12),0;2,(515,0),0;2,(458,-206),1;14,(433,308),(318,498),(246,-12),0;4,(318,498),(304,430),0,-1;4,(458,-206),(475,-151),0,-1;4,(515,0),(448,4),-1,-1;4,(246,-12),(268,54),0,-1;4,(433,308),(433,254),0,-1
ae	1,(188,498),0;1,(450,498),0;2,(454,-12),0;2,(147,-12),0;6,(593,223),(528,278),0;14,(265,308),(188,498),(147,-12),0;4,(188,498),(178,431),0,-1;14,(309,400),(454,-12),(188,498),-1;4,(454,-12),(457,54),0,-1;14,(305,79),(454,-12),(188,498),-1;4,(450,498),(443,433),0,-1;4,(147,-12),(167,54),0,-1;4,(265,308),(264,254),0,-1
bstroke	1,(338,478),0;1,(93,712),4;2,(93,0),0;2,(320,-12),0;6,(93,619),(93,571),0;14,(169,54),(320,-12),(338,478),-1;4,(169,54),(175,114),0,-1;4,(320,-12),(307,57),0,-1;4,(338,478),(318,409),0,-1;14,(173,404),(338,478),(320,-12),-1;4,(173,404),(175,336),0,-1;4,(93,619),(20,614),-1,-1;4,(93,619),(387,619),-1,-1;4,(93,571),(387,571),-1,-1
dcroat	1,(281,478),0;1,(425,712),4;2,(507,0),0;2,(271,-12),0;6,(507,619),(507,571),0;14,(428,415),(281,478),(271,-12),-1;4,(428,415),(425,352),0,-1;4,(281,478),(298,409),0,-1;4,(271,-12),(288,57),0,-1;14,(432,64),(271,-12),(281,478),-1;4,(432,64),(425,130),0,-1;4,(507,571),(579,576),-1,-1;4,(507,571),(251,571),-1,-1;4,(507,619),(251,619),-1,-1
eogonek	1,(316,498),0;2,(330,-12),0;2,(430,-206),1;6,(534,223),(153,282),0;4,(430,-206),(447,-151),0,-1;4,(330,-12),(340,54),0,-1;4,(316,498),(317,433),0,-1
hbar	1,(355,478),0;1,(93,712),4;2,(93,0),0;2,(441,0),0;6,(93,619),(93,571),0;14,(171,383),(355,478),(93,0),-1;4,(355,478),(329,407),0,-1;4,(171,383),(175,319),0,-1;4,(93,619),(20,614),-1,-1;4,(93,619),(387,619),-1,-1;4,(93,571),(387,571),-1,-1
iogonek	1,(90,486),0;2,(398,0),0;2,(335,0),0;2,(363,-206),1;4,(90,486),(316,419),0,-1;4,(363,-206),(380,-151),0,-1;4,(90,486),(348,586),-2,-1;4,(348,586),(348,713),-2,-1
kgreenlandic	1,(106,486),0;1,(454,486),0;2,(574,0),0;2,(188,0),0;14,(188,230),(188,0),(106,486),-1;14,(303,240),(188,0),(106,486),-1;4,(303,240),(354,293),-1,-1;4,(188,230),(188,130),0,-1
lslash	1,(81,712),4;2,(406,-12),0;14,(247,332),(406,-12),(81,712),-1;4,(247,332),(247,402),-1,-1;4,(81,712),(247,645),0,-1;4,(247,332),(329,374),-1,-1;4,(329,374),(329,445),-1,-1;4,(406,-12),(424,56),0,-1
napostrophe	1,(443,498),0;1,(196,486),0;2,(196,0),0;2,(515,0),0;6,(56,550),(59,699),-1;4,(443,498),(417,427),0,-1;14,(271,410),(443,498),(196,0),-1;4,(271,410),(278,346),0,-1
oslash	1,(300,498),0;2,(300,-12),0;14,(172,130),(300,-12),(300,498),-1;4,(172,130),(201,92),-1,-1;4,(300,-12),(300,54),0,-1;14,(428,356),(300,498),(300,-12),-1;4,(428,356),(398,394),-1,-1;4,(300,498),(300,432),0,-1;4,(428,356),(481,418),-1,-1;4,(201,92),(154,36),-1,-1;4,(172,130),(119,68),-1,-1;4,(398,394),(446,450),-1,-1
oe	1,(187,498),0;1,(456,498),0;2,(465,-12),0;2,(187,-12),0;6,(593,223),(528,278),0;4,(187,-12),(191,55),0,-1;4,(187,498),(191,430),0,-1;14,(323,381),(465,-12),(187,498),-1;4,(465,-12),(468,54),0,-1;14,(323,100),(465,-12),(187,498),-1;4,(456,498),(450,433),0,-1
ohorn	1,(300,498),0;2,(300,-12),0;4,(300,-12),(300,56),0,-1;4,(300,498),(300,430),0,-1;14,(456,443),(300,-12),(300,498),-1;4,(456,443),(403,476),-1,-1
oogonek	1,(300,498),0;2,(289,-11),0;2,(324,-206),1;4,(289,-11),(366,-4),-1,-1;4,(324,-206),(341,-151),0,-1;4,(289,-11),(300,56),0,-1;4,(300,498),(300,430),0,-1
germandbls	1,(289,724),4;2,(88,0),0;2,(401,-12),0;4,(401,-12),(399,52),0,-1;14,(363,374),(289,724),(399,52),-1;4,(289,724),(288,657),0,-1;14,(486,130),(401,-12),(288,657),-1
uogonek	1,(77,486),0;1,(423,486),0;2,(246,-12),0;2,(448,-206),1;2,(505,0),0;4,(448,-206),(465,-151),0,-1;4,(505,0),(438,4),-1,-1;14,(427,85),(77,486),(246,-12),-1;4,(246,-12),(272,59),0,-1;4,(427,85),(423,149),0,-1
uhorn	1,(77,486),0;1,(423,486),0;2,(505,0),0;2,(246,-12),0;14,(431,85),(246,-12),(423,486),-1;4,(246,-12),(272,59),0,-1;4,(431,85),(423,149),0,-1
eth	1,(203,730),4;2,(298,-12),0;6,(300,383),(288,447),0;4,(298,-12),(300,56),0,-1;14,(447,367),(203,730),(298,-12),-1;4,(447,367),(456,298),0,-1;14,(390,610),(203,730),(298,-12),-1;4,(390,610),(326,577),-1,-1;4,(390,610),(351,643),-1,-1;4,(351,643),(285,609),-1,-1
thorn	1,(93,712),4;1,(337,498),0;2,(93,-205),1;2,(319,-12),0;14,(173,424),(337,498),(319,-12),-1;14,(174,51),(319,-12),(337,498),-1;4,(174,51),(175,114),0,-1;4,(319,-12),(305,57),0,-1;4,(337,498),(317,429),0,-1;4,(173,424),(175,356),0,-1
aturned	1,(363,498),0;1,(94,486),0;2,(292,-12),0;14,(177,179),(363,498),(292,-12),0;4,(292,-12),(305,56),0,-1;14,(169,420),(363,498),(292,-12),-1;4,(363,498),(342,432),0,-1;4,(169,420),(177,360),0,-1;4,(177,179),(177,232),0,-1
ascript	1,(441,486),0;1,(282,498),0;2,(507,0),0;2,(270,-12),0;4,(270,-12),(288,57),0,-1;14,(432,64),(270,-12),(282,498),-1;4,(432,64),(425,130),0,-1;14,(434,432),(270,-12),(282,498),-1;4,(434,432),(425,372),0,-1;4,(282,498),(297,429),0,-1
alphalatinturned	1,(93,486),0;1,(339,498),0;2,(93,0),0;2,(320,-12),0;4,(339,498),(317,429),0,-1;14,(168,422),(339,498),(320,-12),-1;4,(168,422),(175,356),0,-1;14,(166,54),(320,-12),(339,498),-1;4,(166,54),(175,114),0,-1;4,(320,-12),(306,57),0,-1
oopen	1,(263,498),0;2,(257,-12),0;4,(257,-12),(249,56),0,-1;4,(263,498),(258,430),0,-1
ereversed	1,(295,498),0;2,(270,-12),0;6,(66,223),(447,282),0;4,(270,-12),(260,54),0,-1;4,(295,498),(291,433),0,-1
schwa	1,(287,498),0;2,(294,-12),0;6,(73,270),(453,211),0;4,(287,498),(278,433),0,-1;4,(294,-12),(292,54),0,-1
gscript	1,(441,486),0;1,(282,498),0;2,(280,-217),1;2,(270,5),0;4,(280,-217),(280,-151),0,-1;14,(428,76),(280,-217),(282,498),-1;14,(434,432),(280,-217),(282,498),-1;4,(270,5),(288,73),0,-1;4,(428,76),(425,146),0,-1;4,(434,432),(425,372),0,-1;4,(282,498),(296,429),0,-1
hturned	1,(77,486),0;1,(425,486),0;2,(507,-205),1;2,(245,-12),0;14,(429,83),(77,486),(245,-12),-1;4,(245,-12),(271,59),0,-1;4,(429,83),(425,147),0,-1
mturned	1,(46,486),0;1,(261,486),0;1,(464,486),0;2,(542,0),0;2,(153,-12),0;2,(359,-12),0;14,(471,64),(261,486),(542,0),-1;14,(267,72),(46,486),(153,-12),-1;4,(153,-12),(178,59),0,-1;4,(267,72),(261,134),0,-1;4,(359,-12),(382,59),0,-1;4,(471,64),(464,134),0,-1
rturned	1,(372,486),0;2,(159,-12),0;2,(454,0),0;14,(376,115),(159,-12),(372,486),-1;4,(159,-12),(172,62),0,-1;4,(376,115),(372,201),0,-1
tturned	1,(207,498),0;2,(73,0),0;4,(73,0),(73,67),0,-1;4,(73,67),(394,67),-1,-1;4,(73,0),(391,0),-1,-1;4,(207,498),(189,431),0,-1
vturned	1,(252,486),0;2,(549,0),0;2,(130,0),0;14,(295,420),(252,486),(549,0),-1
wturned	8,(263,29),0;1,(114,486),0;1,(385,486),0;2,(8,0),0;2,(508,0),0;14,(421,416),(385,486),(508,0),-1;14,(169,416),(114,486),(8,0),-1;14,(298,99),(114,486),(508,0),-1
yturned	1,(473,724),4;2,(49,0),0;2,(551,0),0;4,(473,724),(477,656),0,-1;14,(285,410),(551,0),(473,724),-1;4,(285,410),(324,487),-1,-1
kturned	1,(26,486),0;1,(412,486),0;2,(494,-205),1;2,(146,0),0;14,(412,255),(26,486),(494,-205),-1;14,(297,246),(26,486),(494,-205),-1;4,(297,246),(246,193),-1,-1
fi	1,(260,724),4;1,(200,486),0;1,(414,486),0;2,(200,0),0;2,(496,0),0;4,(260,724),(269,657),0,-1;4,(200,486),(200,419),0,-1;4,(200,419),(118,419),-1,-1;4,(200,486),(118,486),-1,-1;4,(414,486),(455,586),-2,-1;4,(455,586),(455,714),-2,-1
fl	1,(401,712),4;1,(265,724),4;1,(205,486),0;2,(205,0),0;2,(488,-12),0;4,(265,724),(273,657),0,-1;4,(205,486),(205,419),0,-1;4,(205,419),(123,419),-1,-1;4,(205,486),(123,486),-1,-1;4,(488,-12),(506,56),0,-1
aogonek.a	1,(282,498),0;1,(507,486),0;2,(270,-12),0;2,(450,-206),1;2,(507,0),0;4,(270,-12),(288,57),0,-1;14,(429,64),(270,-12),(282,498),-1;4,(429,64),(425,130),0,-1;14,(431,432),(282,498),(270,-12),-1;4,(431,432),(425,372),0,-1;4,(282,498),(297,429),0,-1;4,(450,-206),(467,-151),0,-1;4,(507,0),(440,4),-1,-1
ampersand	1,(265,668),3;2,(238,-12),0;2,(554,-12),0;4,(238,-12),(248,54),0,-1;14,(363,106),(238,-12),(265,668),-1;14,(222,399),(265,668),(238,-12),-1;4,(222,399),(165,358),-1,-1;4,(165,358),(196,302),-1,-1;4,(265,668),(265,609),0,-1;4,(363,106),(417,63),-1,-1;4,(222,399),(251,346),0,-1;4,(417,63),(464,119),-1,-1;4,(464,119),(411,162),-1,-1;4,(554,-12),(577,56),-1,-1
zero	1,(300,650),2;2,(300,-12),0;4,(300,650),(300,584),0,-1;4,(300,-12),(300,54),0,-1;14,(300,261),(300,54),(300,584),0;4,(300,261),(300,394),-2,-1
one	1,(300,638),2;2,(98,0),0;4,(98,0),(98,68),0,-1;4,(98,68),(528,68),-1,-1;4,(300,638),(279,538),-1,-1;4,(279,538),(143,591),0,-1
two	1,(279,650),2;2,(522,0),0;4,(522,0),(312,71),0,-1;4,(312,71),(73,49),-1,-1;14,(408,458),(279,650),(522,0),-1;4,(279,650),(269,583),0,-1
three	1,(285,650),2;2,(287,-12),0;4,(287,-12),(282,56),0,-1;14,(203,300),(285,650),(287,-12),0;4,(203,300),(203,363),0,-1;4,(285,650),(282,583),0,-1;14,(360,332),(203,300),(203,363),-1
four	1,(358,638),2;2,(368,0),0;6,(368,242),(368,176),0;4,(358,638),(373,553),0,-1;4,(368,242),(130,242),-1,-1;4,(368,176),(446,176),-1,-1;4,(130,242),(39,231),-1,-1;4,(368,242),(446,242),-1,-1
five	1,(129,638),2;2,(286,-12),0;6,(282,342),(303,404),0;4,(286,-12),(277,56),0,-1;14,(185,378),(286,-12),(129,638),-1;4,(185,378),(108,331),-1,-1;4,(129,638),(490,567),0,-1
six	1,(344,650),2;2,(321,-12),0;6,(335,390),(320,328),0;4,(321,-12),(321,53),0,-1;14,(154,307),(321,-12),(344,650),-1;4,(154,307),(157,242),0,-1;4,(344,650),(349,581),0,-1
seven	1,(70,638),2;2,(226,0),0;4,(70,638),(438,567),0,-1;4,(438,567),(532,587),-1,-1
eight	1,(305,650),2;2,(302,-12),0;4,(302,-12),(304,49),0,-1;4,(305,650),(303,589),0,-1;14,(252,310),(304,49),(303,589),0;4,(252,310),(406,328),-1,0;4,(406,328),(352,348),-2,-1;4,(252,310),(205,333),-2,-1
nine	1,(279,650),2;2,(257,-12),0;6,(265,248),(281,310),0;14,(446,330),(257,-12),(279,650),-1;4,(446,330),(444,395),0,-1;4,(279,650),(280,585),0,-1;4,(257,-12),(252,56),0,-1
zero.onum	1,(300,586),1;2,(300,-12),0;4,(300,586),(300,519),0,-1;4,(300,-12),(300,54),0,-1;14,(300,230),(300,54),(300,519),0;4,(300,230),(300,363),-2,-1
one.onum	1,(300,574),1;2,(528,0),0;4,(528,0),(528,68),0,-1;4,(528,68),(98,68),-1,-1;4,(300,574),(279,474),-1,-1;4,(279,474),(143,527),0,-1
two.onum	1,(279,586),1;2,(522,0),0;4,(522,0),(209,65),0,-1;4,(209,65),(73,49),-1,-1;4,(279,586),(269,519),0,-1;4,(209,65),(328,71),-1,-1
three.onum	1,(285,586),1;6,(287,-86),(282,-17),0;6,(203,231),(203,295),0;4,(285,586),(282,519),0,-1;14,(360,264),(203,231),(203,295),-1
four.onum	8,(368,-74),0;1,(358,574),1;6,(545,94),(545,161),0;4,(545,161),(368,161),-1,-1;14,(373,489),(358,574),(368,-74),-1;4,(545,94),(368,94),-1,-1
five.onum	1,(129,574),1;6,(286,-86),(277,-17),0;6,(282,274),(303,336),0;14,(185,310),(286,-86),(129,574),-1;4,(185,310),(108,263),-1,-1;4,(129,574),(490,503),0,-1
seven.onum	1,(70,574),1;4,(70,574),(438,503),0,-1;4,(438,503),(532,523),-1,-1
nine.onum	1,(279,586),1;6,(257,-86),(252,-17),0;6,(265,175),(281,237),0;14,(446,257),(257,-86),(279,586),-1;4,(446,257),(444,323),0,-1;4,(279,586),(280,521),0,-1
period	2,(300,-12),0;4,(300,-12),(300,157),-2,-1
comma	6,(304,4),(306,155),-2
exclam	1,(260,670),3;2,(300,-12),0;4,(300,-12),(300,142),-2,-1;4,(300,142),(272,232),-2,-1
exclamdown	1,(300,498),0;4,(300,498),(300,344),-2,-1;4,(300,344),(272,254),-2,-1
question	2,(286,-12),0;6,(288,614),(293,682),0;4,(286,-12),(286,142),-2,-1;4,(286,142),(242,232),-2,-1
questiondown	1,(315,498),0;6,(308,-196),(314,-127),0;4,(315,498),(315,344),-2,-1;4,(315,344),(286,254),-2,-1
quoteleft	6,(299,350),(303,499),-1
quoteright	6,(298,699),(295,550),-1
underscore	6,(540,-140),(540,-69),0
parenleft	6,(433,-176),(433,732),-2
parenright	6,(167,-176),(167,732),-2
bracketleft	6,(502,-152),(502,-104),0;6,(502,660),(502,708),0
bracketright	6,(375,-152),(309,-104),0;6,(309,660),(375,708),0
braceleft	6,(502,-152),(502,-104),0;6,(502,660),(502,708),0;6,(120,252),(120,304),0;14,(241,276),(120,252),(120,304),-1
braceright	6,(160,-152),(150,-104),0;6,(150,660),(160,708),0;6,(480,252),(480,304),0;14,(359,280),(480,252),(480,304),-1
slash	1,(427,710),4;4,(427,710),(173,-160),-2,-1
bar	6,(337,-250),(337,750),-2
backslash	1,(99,710),4;4,(99,710),(501,-160),-2,-1
brokenbar	6,(337,-250),(337,750),-2;6,(263,214),(263,291),-2
asterisk	8,(180,111),0;14,(246,306),(180,111),(276,556),-1;4,(246,306),(267,367),0,-1;4,(267,367),(333,367),-1,-1;4,(246,306),(354,306),-1,-1;4,(180,111),(420,111),-1,-1
dagger	6,(270,491),(270,552),0;4,(270,491),(330,491),-1,-1;4,(330,491),(473,486),-1,-1;4,(473,486),(127,486),-1,-1;4,(270,552),(330,552),-1,-1;4,(330,552),(473,557),-1,-1;4,(473,557),(127,557),-1,-1
daggerdbl	6,(270,493),(270,552),0;6,(270,80),(270,139),0;4,(270,139),(330,139),-1,-1;4,(330,139),(473,146),-1,-1;4,(473,146),(127,146),-1,-1;4,(270,493),(330,493),-1,-1;4,(330,493),(473,486),-1,-1;4,(473,486),(127,486),-1,-1;4,(270,552),(330,552),-1,-1;4,(330,552),(473,557),-1,-1;4,(473,557),(127,557),-1,-1;4,(270,80),(330,80),-1,-1;4,(330,80),(473,75),-1,-1;4,(473,75),(127,75),-1,-1
section	6,(287,-64),(287,0),0;6,(306,620),(302,684),0;14,(373,69),(287,-64),(306,620),-1;14,(226,557),(302,684),(287,0),-1;14,(419,154),(373,69),(226,557),-1;4,(419,154),(371,192),-1,-1;14,(182,473),(226,557),(373,69),-1;4,(182,473),(230,436),-1,-1
copyright	1,(300,653),2;2,(300,-11),0;4,(300,-11),(300,31),0,-1;4,(300,653),(300,612),0,-1;4,(300,612),(311,512),-1,-1;4,(311,512),(314,457),0,-1;4,(300,31),(308,125),-1,-1;4,(308,125),(310,180),0,-1
soundcopyright	1,(300,653),2;2,(300,-11),0;6,(307,252),(297,302),0;4,(300,653),(300,612),0,-1;4,(300,612),(307,500),-1,-1;4,(300,-11),(300,31),0,-1;4,(300,31),(258,137),-1,-1;4,(307,500),(297,449),0,-1
registered	6,(300,319),(300,356),0;6,(300,677),(300,713),0;6,(309,487),(294,519),0;4,(300,677),(303,620),-1,-1;4,(309,487),(344,500),-1,-1;4,(300,356),(268,417),-1,-1;4,(268,417),(344,417),-1,-1
trademark	8,(151,366),0;6,(-5,622),(-5,676),0;6,(457,421),(439,482),0;4,(-5,676),(292,676),-1,-1;4,(-5,676),(509,676),-1,-1;4,(509,676),(363,676),-1,-1;4,(151,366),(292,366),-1,-1;4,(292,366),(525,366),-1,-1;4,(509,676),(528,608),0,-1;4,(528,608),(343,608),-1,-1;4,(-5,622),(247,622),-1,-1
servicemark	8,(125,354),0;6,(133,636),(135,683),0;6,(457,421),(439,482),0;4,(125,354),(129,401),0,-1;4,(135,683),(292,676),-1,0;4,(135,683),(509,676),-1,0;4,(509,676),(363,676),-1,-1;4,(125,354),(292,366),-1,-1;4,(292,366),(525,366),-1,-1;4,(509,676),(528,608),0,-1;4,(528,608),(343,608),-1,-1
at	6,(341,-144),(343,-89),0;6,(339,580),(343,635),0;6,(353,88),(370,146),0;6,(488,390),(482,336),0;14,(489,158),(353,88),(343,635),-1;4,(489,158),(482,210),0,-1
at.case	1,(346,668),3;2,(341,-18),0;6,(353,161),(370,219),0;6,(482,409),(488,463),0;14,(489,231),(353,161),(346,668),-1;4,(346,668),(342,613),0,-1;4,(341,-18),(343,37),0,-1;4,(489,231),(482,283),0,-1
numbersign	1,(222,650),2;1,(408,650),2;2,(142,0),0;2,(328,0),0;6,(87,204),(87,261),0;6,(107,409),(107,467),0;4,(107,467),(252,467),-1,-1;4,(252,467),(438,467),-1,-1;4,(107,409),(245,409),-1,-1;4,(245,409),(432,409),-1,-1;4,(87,261),(227,261),-1,-1;4,(227,261),(413,261),-1,-1;4,(87,204),(220,204),-1,-1;4,(220,204),(406,204),-1,-1
one.dnom	2,(290,0),0;6,(290,230),(303,305),0
two.dnom	2,(422,0),0;6,(284,265),(291,317),0;4,(422,0),(286,53),0,-1;4,(286,53),(183,36),-1,-1
four.dnom	2,(334,0),0;6,(441,73),(441,116),0;6,(320,305),(338,254),0;4,(441,116),(334,116),-1,-1;4,(441,73),(334,73),-1,-1
five.dnom	2,(301,-12),0;6,(406,251),(406,305),0;6,(295,153),(313,193),0;4,(301,-12),(296,38),0,-1;14,(257,181),(295,153),(313,193),-1;4,(257,181),(200,150),-1,-1
six.dnom	2,(313,-12),0;6,(333,268),(330,317),0;6,(311,145),(326,187),0;4,(313,-12),(312,38),0,-1;14,(235,152),(313,-12),(330,317),-1;4,(235,152),(236,110),0,-1
seven.dnom	2,(253,0),0;6,(352,252),(426,305),0;4,(352,252),(426,269),-1,-1
eight.dnom	2,(300,-12),0;6,(300,272),(300,317),0;4,(300,-12),(300,33),0,-1;14,(367,78),(300,-12),(300,272),-1;14,(245,232),(300,317),(300,33),-1
nine.dnom	2,(271,-12),0;6,(289,268),(288,317),0;6,(275,118),(290,161),0;14,(365,152),(288,317),(271,-12),-1;4,(365,152),(364,194),0,-1;4,(271,-12),(269,38),0,-1
a.sups	8,(390,260),0;6,(270,252),(289,302),0;6,(308,539),(318,590),0;6,(378,424),(378,465),0;14,(385,297),(318,590),(270,252),-1;4,(385,297),(378,342),0,-1
b.sups	8,(222,260),0;1,(236,728),4;6,(327,252),(314,305),0;6,(321,537),(338,590),0;14,(234,547),(338,590),(327,252),-1;14,(230,292),(327,252),(338,590),-1;4,(230,292),(236,335),0,-1;4,(234,547),(236,497),0,-1
d.sups	8,(385,260),0;1,(374,728),4;6,(276,252),(291,305),0;6,(295,537),(283,590),0;14,(376,553),(283,590),(276,252),-1;14,(380,297),(276,252),(283,590),-1;4,(380,297),(374,345),0,-1;4,(376,553),(374,506),0,-1
e.sups	6,(326,252),(335,302),0;6,(318,540),(317,590),0;6,(401,447),(454,406),0
f.sups	8,(340,260),0;1,(340,582),1;6,(418,686),(411,736),0;4,(340,582),(468,531),0,-1;4,(468,531),(277,531),-1,-1;4,(340,582),(277,582),-1,-1
g.sups	1,(346,582),1;6,(298,114),(304,157),0;6,(297,546),(297,590),0;6,(349,253),(356,305),0;6,(297,362),(297,404),0;14,(202,275),(349,253),(356,305),-1;4,(202,275),(241,258),-1,-1;4,(297,362),(244,373),-1,-1;4,(244,373),(208,391),-1,-1;4,(346,582),(398,534),0,-1
h.sups	8,(175,260),0;8,(396,260),0;1,(175,728),4;6,(329,536),(351,590),0;14,(235,534),(351,590),(175,260),-1;4,(235,534),(239,487),0,-1
i.sups	8,(316,260),0;1,(175,582),1;4,(175,582),(316,531),0,-1;4,(175,582),(347,645),-2,-1;4,(347,645),(347,736),-2,-1
j.sups	1,(164,582),1;6,(229,119),(226,171),0;4,(164,582),(305,531),0,-1;4,(164,582),(336,645),-2,-1;4,(336,645),(336,736),-2,-1
k.sups	8,(430,260),0;8,(253,260),0;1,(189,728),4;1,(414,582),1;14,(253,345),(253,260),(189,728),-1;4,(253,345),(253,422),0,-1;14,(323,412),(430,260),(414,582),-1;4,(323,412),(361,454),-1,-1
l.sups	1,(196,728),4;6,(381,252),(396,304),0;4,(196,728),(196,678),0,-1
m.sups	8,(130,260),0;8,(273,260),0;8,(407,260),0;1,(180,582),1;6,(376,536),(397,590),0;6,(260,590),(241,536),0;14,(185,540),(130,260),(180,582),-1;4,(185,540),(321,535),-1,-1;4,(185,540),(191,490),0,-1;4,(191,490),(326,490),-1,-1
n.sups	8,(175,260),0;8,(396,260),0;1,(228,582),1;6,(329,536),(351,590),0;14,(233,534),(175,260),(228,582),-1;4,(233,534),(239,487),0,-1
p.sups	8,(236,127),0;1,(224,582),1;6,(321,537),(339,590),0;6,(327,252),(314,305),0;14,(229,546),(339,590),(327,252),-1;14,(234,289),(327,252),(339,590),-1;4,(234,289),(236,335),0,-1;4,(229,546),(236,497),0,-1
q.sups	8,(374,127),0;1,(386,582),1;6,(295,537),(283,590),0;6,(276,252),(291,305),0;14,(381,551),(283,590),(276,252),-1;14,(377,294),(276,252),(295,537),-1;4,(377,294),(374,345),0,-1;4,(381,551),(374,506),0,-1
r.sups	8,(307,260),0;1,(297,582),1;6,(423,533),(432,590),0;14,(302,507),(307,260),(297,582),-1;4,(302,507),(307,443),0,-1
s.sups	6,(308,252),(310,301),0;6,(315,542),(315,590),0;14,(388,346),(308,252),(315,542),-1;14,(244,500),(315,590),(310,301),-1
t.sups	1,(305,582),1;1,(305,672),3;6,(369,252),(384,303),0;4,(305,582),(241,531),0,-1;4,(305,582),(244,582),-1,-1;4,(241,531),(305,531),-1,-1
u.sups	1,(223,582),1;1,(443,582),1;6,(266,252),(288,307),0;14,(385,311),(266,252),(443,582),-1;4,(385,311),(379,358),-1,-1
v.sups	8,(343,260),0;1,(400,582),1;1,(213,582),1;4,(343,260),(307,310),0,-1
w.sups	8,(332,260),0;1,(82,582),1;1,(255,558),1;1,(416,582),1;4,(332,260),(361,313),0,-1;4,(361,313),(201,313),-1,-1;4,(255,558),(277,504),0,-1;4,(332,260),(226,260),-1,-1
x.sups	8,(390,260),0;8,(226,260),0;1,(168,582),1;1,(384,582),1;14,(305,388),(390,260),(384,582),-1;4,(305,388),(270,428),-1,-1;4,(305,388),(348,421),-1,-1;4,(348,421),(312,462),-1,-1
y.sups	1,(398,582),1;1,(204,582),1;6,(198,124),(194,176),0;14,(309,322),(198,124),(398,582),-1;4,(309,322),(278,262),-1,-1
z.sups	8,(146,260),0;1,(170,582),1;4,(146,260),(237,311),0,-1;4,(237,311),(146,294),-1,-1;4,(170,582),(359,531),0,-1;4,(359,531),(449,548),-1,-1
egrave.sups	1,(233,739),4;6,(326,252),(335,302),0;6,(318,540),(317,590),0;6,(401,447),(454,406),0;4,(233,739),(362,638),-2,-1
eacute.sups	1,(331,739),4;6,(326,252),(335,302),0;6,(318,540),(317,590),0;6,(401,447),(454,406),0;4,(331,739),(318,638),-2,-1
schwa.sups	6,(298,252),(297,302),0;6,(286,540),(293,590),0;6,(158,440),(211,398),0
a.supa	8,(385,260),0;1,(386,582),1;6,(276,252),(291,305),0;6,(294,537),(283,590),0;14,(380,297),(276,252),(283,590),-1;4,(380,297),(374,345),0,-1;14,(381,551),(283,590),(276,252),-1;4,(381,551),(374,506),0,-1
g.supa	1,(385,582),1;6,(283,121),(283,171),0;6,(294,537),(283,590),0;6,(276,264),(291,316),0;14,(375,305),(276,264),(283,590),-1;14,(379,552),(283,590),(276,264),-1;4,(375,305),(374,358),0,-1;4,(379,552),(374,506),0,-1
degree	6,(300,639),(300,685),0;6,(300,429),(300,475),0
dollar	8,(276,-110),0;8,(276,748),0;4,(276,748),(276,616),-2,-1;4,(276,616),(304,550),0,-1;4,(276,-110),(276,35),-2,-1;14,(194,467),(276,35),(276,616),-1;4,(276,35),(336,36),-1,-1;4,(276,35),(310,102),0,-1;14,(431,189),(276,616),(276,35),-1;4,(276,616),(336,617),-1,-1
sterling	1,(354,650),2;2,(531,0),0;6,(176,341),(194,285),0;4,(531,0),(531,71),0,-1;4,(531,71),(78,50),-1,-1;4,(354,650),(358,581),0,-1;4,(176,341),(253,341),-1,-1;4,(194,285),(269,285),-1,-1
yen	1,(138,638),2;1,(465,638),2;2,(340,0),0;14,(303,332),(340,0),(465,638),-1;4,(303,332),(361,318),-1,-1;4,(361,318),(340,271),0,-1;4,(340,271),(258,271),-1,-1;4,(258,271),(258,206),-2,-1;4,(258,206),(340,206),-1,-1;4,(340,206),(340,158),0,-1;4,(340,158),(258,158),-1,-1;4,(361,318),(238,318),-1,-1
Euro	1,(388,650),2;2,(374,-12),0;6,(202,350),(202,283),-2;4,(202,283),(208,235),0,-1;4,(208,235),(122,235),-1,-1;4,(202,283),(117,282),-1,-1;4,(202,350),(117,350),-1,-1;4,(202,350),(207,399),0,-1;4,(207,399),(122,399),-1,-1;4,(388,650),(385,584),0,-1;4,(374,-12),(379,54),0,-1
cent	1,(314,653),2;6,(365,70),(365,138),0;6,(365,482),(365,550),0;4,(365,482),(314,477),-1,0;4,(365,138),(314,142),-1,0;4,(365,70),(314,71),-1,0;4,(314,71),(314,-33),-2,-1;4,(365,550),(314,547),-1,0
florin	1,(445,668),3;6,(132,-97),(124,-30),0;6,(483,345),(483,408),0;4,(445,668),(449,601),0,-1;4,(483,345),(255,345),-1,-1;4,(483,408),(262,408),-1,-1
colonmonetary	1,(355,650),2;2,(335,-11),0;4,(335,-11),(278,-1),-1,-1;4,(278,-1),(287,71),0,-1;4,(335,-11),(343,55),0,-1;4,(355,650),(347,583),0,-1;4,(347,583),(405,579),-1,-1;4,(347,583),(308,575),-1,-1;4,(287,71),(252,97),-1,-1;4,(335,-11),(373,-11),-1,-1;4,(335,-11),(323,-110),-2,-1;4,(323,-110),(265,-110),-1,-1;4,(278,-1),(242,14),-1,-1;4,(355,650),(317,645),-1,-1;4,(355,650),(367,748),-2,-1;4,(405,579),(413,645),0,-1;4,(367,748),(425,748),-1,-1;4,(413,645),(449,634),-1,-1;4,(405,579),(441,563),-1,-1;4,(343,55),(381,55),-1,0
lira	1,(354,650),2;2,(531,0),0;6,(158,392),(175,343),0;4,(531,0),(531,71),0,-1;4,(531,71),(78,50),-1,-1;4,(175,343),(195,284),0,-1;4,(195,284),(202,235),0,-1;4,(195,284),(78,279),-1,-1;4,(158,392),(78,388),-1,-1;4,(354,650),(358,581),0,-1;4,(158,392),(442,392),-1,-1;4,(175,343),(442,343),-1,-1;4,(195,284),(442,284),-1,-1;4,(202,235),(442,235),-1,-1
naira	1,(121,638),2;1,(414,638),2;2,(186,0),0;2,(395,0),0;4,(121,638),(182,385),-2,-1;4,(182,385),(185,343),0,-1;4,(185,343),(324,343),-1,-1;4,(185,343),(186,283),-1,-1;4,(186,283),(348,283),-1,-1;4,(186,283),(186,240),0,-1;4,(186,240),(364,240),-1,-1;4,(395,0),(426,74),0,-1;4,(121,638),(170,563),0,-1;4,(324,343),(479,343),-1,-1;4,(348,283),(479,283),-1,-1;4,(364,240),(479,240),-1,-1;4,(186,240),(121,240),-1,-1;4,(186,283),(121,283),-1,-1;4,(185,343),(121,343),-1,-1;4,(182,385),(121,385),-1,-1;4,(182,385),(307,385),-1,-1;4,(307,385),(479,385),-1,-1
peseta	1,(266,638),2;2,(197,0),0;6,(197,473),(197,417),0;6,(197,302),(197,245),0;4,(266,638),(256,581),0,-1;4,(197,417),(490,417),-1,-1;4,(197,417),(43,417),-1,-1;4,(197,473),(43,468),-1,-1;4,(197,473),(490,473),-1,-1
dong	2,(499,0),0;6,(295,418),(283,478),0;4,(499,0),(121,49),0,-1;4,(121,49),(276,110),0,-1;4,(276,110),(291,169),0,-1;4,(283,478),(468,549),-2,-1;4,(468,549),(397,549),-1,-1;4,(468,549),(468,598),0,-1;4,(468,598),(242,598),-1,-1;4,(468,598),(468,665),-2,-1
peso	1,(118,638),2;2,(197,0),0;6,(266,245),(256,302),0;4,(118,638),(197,581),0,-1;4,(197,581),(398,518),-1,-1;4,(398,518),(411,477),0,-1;4,(411,477),(411,418),-2,-1;4,(411,418),(401,377),0,-1;4,(411,477),(489,477),-1,-1;4,(411,418),(490,418),-1,-1;4,(401,377),(554,377),-1,-1;4,(401,377),(118,377),-1,-1;4,(411,418),(118,418),-1,-1;4,(411,477),(118,477),-1,-1;4,(398,518),(118,518),-1,-1;4,(398,518),(480,518),-1,-1
guarani	1,(311,647),2;1,(371,649),2;2,(371,-10),0;2,(311,-10),0;6,(451,262),(526,331),0;4,(371,-10),(371,-110),-2,-1;4,(371,649),(371,748),-2,-1;4,(371,649),(351,584),0,-1;4,(311,-10),(345,56),0,-1
cedi	1,(330,648),2;1,(383,649),2;2,(383,-10),0;2,(330,-11),0;4,(330,648),(330,581),0,-1;4,(330,-11),(330,56),0,-1;4,(330,-11),(330,-110),-2,-1;4,(383,649),(383,745),-2,-1;4,(330,581),(383,583),-1,-1;4,(330,56),(383,56),-1,-1
rupeeindian	1,(108,638),2;1,(524,638),2;2,(490,0),0;4,(524,638),(367,589),0,-1;4,(367,589),(187,570),-1,-1;4,(187,570),(368,486),-1,-1;4,(368,486),(451,486),-1,-1;4,(368,486),(371,437),0,-1;4,(371,437),(453,437),-1,-1;4,(371,437),(187,319),-1,-1;4,(187,319),(197,252),0,-1;4,(197,252),(282,259),-1,0
liraturkish	1,(160,638),2;2,(160,-12),0;4,(160,-12),(244,66),0,-1;14,(244,355),(160,-12),(160,638),-1;4,(244,355),(244,302),-1,-1;4,(244,302),(160,261),-1,-1;4,(244,355),(160,314),-1,-1;4,(160,314),(244,427),-1,-1;4,(244,427),(160,386),-1,-1;4,(244,427),(244,480),-1,-1;4,(244,480),(160,439),-1,-1
plus	6,(85,299),(85,361),0;4,(85,361),(333,361),-1,-1;4,(85,299),(333,299),-1,-1
multiply	6,(454,126),(454,533),-2;14,(300,286),(454,126),(454,533),-1;4,(300,286),(256,330),-1,-1;4,(300,286),(344,330),-1,-1;4,(344,330),(300,374),-1,-1
divide	6,(515,299),(515,361),0;4,(515,361),(300,456),-2,-1;4,(300,456),(300,563),-2,-1;4,(515,299),(300,203),-2,-1;4,(300,203),(300,96),-2,-1
less	6,(120,301),(120,363),0;4,(120,363),(493,537),-1,0;4,(493,537),(493,616),0,-1;14,(192,330),(120,363),(120,301),-1;4,(120,301),(493,127),-1,0;4,(493,127),(493,48),0,-1
greater	6,(480,301),(480,363),0;4,(480,301),(107,127),-1,0;4,(107,127),(107,48),0,-1;14,(408,334),(480,363),(480,301),-1;4,(480,363),(107,537),-1,0;4,(107,537),(107,616),0,-1
lessequal	2,(515,0),0;6,(85,306),(85,380),0;4,(515,0),(85,62),0,-1;14,(170,341),(85,380),(85,306),-1;4,(170,341),(515,533),-1,-1;4,(515,533),(515,462),0,-1;4,(170,341),(515,153),-1,-1;4,(515,153),(515,224),0,-1
greaterequal	2,(515,0),0;6,(515,306),(515,380),0;4,(515,0),(85,62),0,-1;14,(430,341),(515,380),(515,306),-1;4,(430,341),(85,153),-1,-1;4,(85,153),(85,224),0,-1;4,(430,341),(85,533),-1,-1;4,(85,533),(85,462),0,-1
plusminus	2,(515,0),0;6,(267,304),(267,366),0;4,(267,366),(267,556),-2,-1;4,(267,366),(333,366),-1,-1;4,(267,304),(515,304),-1,-1;4,(515,0),(85,62),0,-1;4,(85,62),(267,127),-2,-1
asciicircum	1,(264,670),3;4,(264,670),(489,284),-2,-1;14,(302,593),(264,670),(489,284),-1;4,(489,284),(111,284),-1,-1
notequal	6,(376,406),(351,468),0;4,(376,406),(285,254),-2,-1;4,(285,254),(249,192),0,-1;4,(249,192),(188,192),-1,-1;4,(285,254),(224,254),-1,-1;4,(376,406),(315,406),-1,-1;4,(351,468),(427,595),-2,-1;4,(351,468),(412,468),-1,-1;4,(188,192),(112,65),-2,-1
asciitilde	6,(210,341),(212,403),0;6,(390,319),(388,257),0;4,(212,403),(471,405),-1,-1;4,(388,257),(129,255),-1,-1
pi	1,(109,486),0;2,(496,-12),0;2,(114,0),0;4,(109,486),(134,418),0,-1;4,(134,418),(396,418),-1,-1;4,(396,418),(561,418),-1,-1;4,(496,-12),(513,56),0,-1
infinity	1,(450,507),0;6,(449,150),(446,229),0;6,(130,170),(142,233),0;6,(140,413),(142,491),0;14,(277,269),(449,150),(450,507),-1;4,(277,269),(313,340),-1,-1;4,(313,340),(282,390),-1,-1;4,(450,507),(439,444),0,-1;4,(277,269),(246,321),-1,-1
mu.math	8,(77,-187),0;1,(77,486),0;1,(423,486),0;2,(268,-10),0;2,(510,-12),0;4,(268,-10),(269,59),0,-1;14,(428,99),(423,486),(268,-10),-1;4,(428,99),(423,170),0,-1;4,(510,-12),(528,56),0,-1
partialdiff	1,(311,672),3;2,(258,-12),0;6,(300,340),(293,406),0;4,(258,-12),(266,56),0,-1;14,(442,334),(258,-12),(293,406),-1;4,(442,334),(436,264),0,-1;4,(311,672),(303,604),0,-1
Delta.math	1,(253,656),3;2,(565,0),0;4,(565,0),(473,71),0,-1;4,(473,71),(127,71),-1,-1;4,(127,71),(36,50),-1,-1;4,(473,71),(565,50),-1,-1;4,(253,656),(302,581),0,-1
Omega.math	1,(300,668),3;2,(239,0),0;2,(361,0),0;4,(239,0),(152,68),0,-1;4,(361,0),(448,68),0,-1;4,(448,68),(361,61),-1,-1;4,(300,668),(300,595),0,-1;4,(152,68),(239,61),-1,-1
summation	1,(81,638),2;6,(549,-120),(549,-49),0;4,(81,638),(521,567),0,-1;14,(396,260),(549,-49),(521,567),-1;4,(396,260),(308,259),-1,-1;4,(521,567),(81,585),-1,-1;4,(549,-49),(70,-67),-1,-1
product	8,(135,-120),0;8,(463,-120),0;1,(52,638),2;4,(52,638),(463,565),0,-1
litre	1,(348,720),4;2,(361,-12),0;14,(283,307),(361,-12),(348,720),-1;4,(348,720),(350,657),0,-1;4,(283,307),(283,220),0,-1;4,(283,220),(202,158),-1,-1;4,(283,307),(202,235),-1,-1;4,(361,-12),(373,58),0,-1
estimated	1,(300,660),3;2,(300,-12),0;6,(160,316),(160,334),0;4,(300,-12),(302,8),0,-1;4,(300,660),(302,640),0,-1
fisheye	6,(300,79),(300,128),0;6,(300,399),(300,447),0;4,(300,128),(300,202),-1,-1;4,(300,399),(300,323),-1,-1
checkedbox	1,(625,661),3;1,(36,671),3;2,(573,-10),0;6,(336,114),(288,172),0;4,(625,661),(491,597),0,-1;4,(491,597),(550,565),-1,-1;4,(573,-10),(17,33),0,-1
eighthnote	8,(296,694),0;6,(178,-24),(235,169),-2;4,(296,694),(351,550),-1,-1
gravecmb	6,(302,573),(275,721),-2
gravecmb.cap	6,(282,706),(263,818),-2
acutecmb	6,(298,573),(325,721),-2
acutecmb.cap	6,(318,706),(337,818),-2
circumflexcmb	6,(302,672),(335,721),0;4,(302,672),(369,573),-2,-1;4,(369,573),(231,573),-1,-1
circumflexcmb.cap	6,(302,774),(340,818),0;4,(302,774),(369,706),-2,-1;4,(369,706),(231,706),-1,-1
tildecmb	6,(354,579),(355,634),0;4,(354,579),(245,634),-2,-1;4,(245,634),(246,688),0,-1;4,(246,688),(395,688),-1,-1;4,(354,579),(205,579),-1,-1
tildecmb.cap	6,(360,711),(359,767),0;4,(360,711),(241,763),-2,-1;4,(360,711),(201,711),-1,-1;4,(241,763),(240,819),0,-1;4,(240,819),(399,819),-1,-1
macroncmb	6,(423,601),(423,658),0
macroncmb.cap	6,(424,729),(424,786),0
brevecmb	6,(300,575),(300,626),0;4,(300,626),(379,709),-2,-1;4,(379,709),(221,709),-1,-1
brevecmb.cap	6,(300,708),(300,755),0;4,(300,755),(227,818),-2,-1;4,(227,818),(373,818),-1,-1
dotaccentcmb	6,(300,586),(300,713),0
dotaccentcmb.cap	6,(300,714),(300,821),0
dieresiscmb	6,(204,698),(204,588),0;4,(204,588),(396,588),-1,-1;4,(204,698),(396,698),-1,-1
dieresiscmb.cap	6,(214,715),(214,813),0;4,(214,715),(386,715),-1,-1;4,(214,813),(386,813),-1,-1
hookabovecmb	6,(272,553),(263,591),0;4,(263,591),(236,679),-2,-1;4,(236,679),(245,727),0,-1
hookabovecmb.cap	6,(272,698),(263,736),-1;4,(263,736),(236,824),-2,-1;4,(236,824),(245,872),0,-1
ringcmb	6,(300,542),(300,579),-2;4,(300,579),(300,690),-2,-1;4,(300,690),(300,727),-2,-1
ringcmb.cap	6,(300,699),(300,735),-2;4,(300,735),(300,838),-2,-1;4,(300,838),(300,875),-2,-1
hungarumlautcmb	6,(257,571),(272,714),0;4,(272,714),(420,714),-1,-1;4,(257,571),(404,571),-1,-1
hungarumlautcmb.cap	6,(251,706),(257,818),0;4,(257,818),(415,818),-1,-1;4,(251,706),(408,706),-1,-1
caroncmb	6,(335,573),(302,622),0;4,(302,622),(369,721),-2,-1;4,(369,721),(231,721),-1,-1
caroncmb.cap	6,(340,706),(302,750),0;4,(302,750),(369,818),-2,-1;4,(369,818),(231,818),-1,-1
dblgravecmb	6,(343,571),(328,714),0;4,(343,571),(251,571),-1,-1;4,(328,714),(108,714),-1,-1
dblgravecmb.cap	6,(349,706),(343,818),0;4,(349,706),(251,706),-1,-1;4,(343,818),(108,818),-1,-1
commaturnedabovecmb	6,(298,545),(297,629),0;4,(297,629),(328,732),-2,-1
commaabovecmb	6,(301,647),(301,730),0;4,(301,647),(270,544),-2,-1
horncmb	6,(299,435),(291,476),0;4,(291,476),(361,584),-2,-1
dotbelowcmb	6,(300,-226),(300,-99),0
dieresisbelowcmb	6,(214,-201),(214,-103),0;4,(214,-201),(386,-201),-1,-1;4,(214,-103),(386,-103),-1,-1
commabelowcmb	6,(271,-48),(253,-86),0;4,(253,-86),(215,-176),-2,-1;4,(215,-176),(223,-216),0,-1
cedillacmb	6,(309,-50),(334,3),-2;4,(309,-50),(241,-75),-1,-1;4,(241,-75),(215,-172),-2,-1;4,(215,-172),(223,-213),0,-1
cedillacmb.cap	6,(304,-50),(329,3),-2;4,(304,-50),(235,-75),-1,-1;4,(235,-75),(210,-172),-2,-1;4,(210,-172),(218,-213),0,-1
ogonekcmb	2,(363,3),0;6,(324,-206),(341,-151),0
ogonekcmb.cap	2,(366,3),0;6,(329,-212),(346,-153),0
brevebelowcmb	6,(300,-206),(300,-155),0
macronbelowcmb	6,(423,-113),(423,-171),0
dieresismacroncmb	6,(214,679),(214,588),0;4,(214,588),(386,588),-1,-1;4,(214,679),(386,679),-1,-1;4,(214,679),(423,750),-2,-1;4,(423,750),(423,797),0,-1
dieresismacroncmb.cap	6,(214,715),(214,806),0;4,(214,806),(424,861),-2,-1;4,(424,861),(424,907),0,-1;4,(214,715),(386,715),-1,-1;4,(214,806),(386,806),-1,-1
dieresisacutecmb	6,(305,720),(329,823),-2;6,(214,679),(214,588),0;4,(214,588),(386,588),-1,-1;4,(214,679),(386,679),-1,-1
dieresisacutecmb.cap	6,(214,715),(214,806),0;4,(214,806),(317,839),-2,-1;4,(317,839),(338,950),-2,-1;4,(214,715),(386,715),-1,-1;4,(214,806),(386,806),-1,-1
dieresiscaroncmb	6,(214,679),(214,588),0;4,(214,679),(335,720),-2,-1;4,(335,720),(302,759),0,-1;4,(214,588),(386,588),-1,-1;4,(214,679),(386,679),-1,-1
dieresiscaroncmb.cap	6,(214,715),(214,806),0;4,(214,715),(386,715),-1,-1;4,(214,806),(386,806),-1,-1;4,(214,806),(340,839),-2,-1;4,(340,839),(302,882),0,-1
dieresisgravecmb	6,(386,679),(386,588),0;4,(386,679),(295,720),-2,-1;4,(295,720),(271,823),-2,-1;4,(386,588),(214,588),-1,-1;4,(386,679),(214,679),-1,-1
dieresisgravecmb.cap	6,(386,715),(386,806),0;4,(386,806),(351,839),-2,-1;4,(351,839),(262,950),-2,-1;4,(386,715),(214,715),-1,-1;4,(386,806),(214,806),-1,-1
circumflexacutecmb	6,(302,646),(334,692),0;4,(302,646),(389,640),-1,-1;4,(389,640),(462,754),-2,-1
circumflexacutecmb.cap	6,(336,812),(302,768),0;4,(302,768),(391,770),-1,-1;4,(391,770),(462,881),-2,-1
circumflexgravecmb	6,(302,646),(334,692),0;4,(302,646),(450,640),-1,-1;4,(450,640),(427,754),-2,-1
circumflexgravecmb.cap	6,(336,812),(302,768),0;4,(302,768),(432,770),-1,-1;4,(432,770),(413,881),-2,-1
circumflexhook	6,(302,646),(334,692),0;4,(302,646),(416,628),-1,-1;4,(416,628),(407,663),0,-1;4,(407,663),(380,743),-2,-1;4,(380,743),(387,784),0,-1
circumflexhook.cap	6,(336,812),(302,768),0;4,(302,768),(415,754),-1,-1;4,(415,754),(404,789),0,-1;4,(404,789),(378,864),-2,-1;4,(378,864),(387,906),0,-1
circumflextildecmb	6,(302,636),(338,675),0;4,(338,675),(352,711),-2,-1;4,(352,711),(250,754),-2,-1;4,(250,754),(248,802),0,-1;4,(352,711),(350,759),0,-1;4,(248,802),(389,802),-1,-1;4,(352,711),(211,711),-1,-1
circumflextildecmb.cap	6,(302,768),(336,812),0;4,(336,812),(354,848),-2,-1;4,(354,848),(168,848),-1,-1;4,(354,848),(249,890),-2,-1;4,(249,890),(246,938),0,-1;4,(354,848),(351,896),0,-1;4,(246,938),(390,938),-1,-1
breveacutecmb	6,(300,575),(300,622),0;4,(300,622),(311,677),-2,-1;4,(311,677),(331,789),-2,-1
breveacutecmb.cap	6,(300,708),(300,751),0;4,(300,751),(310,802),-2,-1;4,(310,802),(335,907),-2,-1
brevegravecmb	6,(300,575),(300,622),0;4,(300,622),(337,677),-2,-1;4,(337,677),(269,789),-2,-1
brevegravecmb.cap	6,(300,708),(300,751),0;4,(300,751),(339,802),-2,-1;4,(339,802),(265,907),-2,-1
brevehook	6,(300,575),(300,622),0;4,(300,622),(273,683),-2,-1;4,(273,683),(265,718),0,-1;4,(265,718),(238,798),-2,-1;4,(238,798),(245,839),0,-1
brevehook.cap	6,(300,708),(300,751),0;4,(300,751),(277,800),-2,-1;4,(277,800),(267,835),0,-1;4,(267,835),(241,910),-2,-1;4,(241,910),(249,952),0,-1
brevetildecmb	6,(300,575),(300,620),0;4,(300,620),(352,711),-2,-1;4,(352,711),(250,754),-2,-1;4,(250,754),(248,802),0,-1;4,(352,711),(350,759),0,-1;4,(248,802),(389,802),-1,-1;4,(352,711),(211,711),-1,-1
brevetildecmb.cap	6,(300,708),(300,751),0;4,(300,751),(352,846),-2,-1;4,(352,846),(167,846),-1,-1;4,(352,846),(249,891),-2,-1;4,(249,891),(246,939),0,-1;4,(352,846),(349,894),0,-1;4,(246,939),(389,939),-1,-1
circumflexbrevecmb	6,(302,636),(338,675),0;4,(338,675),(300,705),-2,-1;4,(300,705),(300,750),0,-1;4,(300,750),(370,802),-2,-1;4,(370,802),(230,802),-1,-1
circumflexbrevecmb.cap	6,(302,768),(336,812),0;4,(336,812),(300,841),-2,-1;4,(300,841),(300,885),0,-1;4,(300,885),(377,938),-2,-1;4,(377,938),(223,938),-1,-1
commabelowcmb.a	6,(328,541),(346,579),0;4,(346,579),(383,669),-2,-1;4,(383,669),(375,710),0,-1
dblhorzbxd	6,(639,183),(639,261),0;6,(639,339),(639,417),0
uphalfblock	8,(600,300),0;4,(600,300),(600,800),-2,-1
dneighthblock	8,(600,-200),0;4,(600,-200),(600,-75),-2,-1
dnquarterblock	8,(600,-200),0;4,(600,-200),(600,50),-2,-1
dnthreeeighthsblock	8,(600,-200),0;4,(600,-200),(600,175),-2,-1
dnhalfblock	8,(600,-200),0;4,(600,-200),(600,300),-2,-1
dnfiveeighthsblock	8,(600,-200),0;4,(600,-200),(600,425),-2,-1
dnthreequartersblock	8,(600,-200),0;4,(600,-200),(600,550),-2,-1
dnseveneighthsblock	8,(600,-200),0;4,(600,-200),(600,675),-2,-1
fullblock	8,(600,-200),0;4,(600,-200),(600,800),-2,-1
leftseveneighthsblock	8,(525,-200),0;4,(525,-200),(525,800),-2,-1
leftthreequartersblock	8,(450,-200),0;4,(450,-200),(450,800),-2,-1
leftfiveeighthsblock	8,(375,-200),0;4,(375,-200),(375,800),-2,-1
lefthalfblock	8,(300,-200),0;4,(300,-200),(300,800),-2,-1
leftthreeeighthsblock	8,(225,-200),0;4,(225,-200),(225,800),-2,-1
leftquarterblock	8,(150,-200),0;4,(150,-200),(150,800),-2,-1
lefteighthblock	8,(75,-200),0;4,(75,-200),(75,800),-2,-1
righthalfblock	8,(600,-200),0;4,(600,-200),(600,800),-2,-1
upeighthblock	8,(600,675),0;4,(600,675),(600,800),0,-1
righteighthblock	8,(600,-200),0;4,(600,-200),(600,800),-2,-1
dnleftquadrant	8,(300,-200),0;4,(300,-200),(300,300),-2,-1
dnrightquadrant	8,(600,-200),0;4,(600,-200),(600,300),-2,-1
upleftquadrant	8,(300,300),0;4,(300,300),(300,800),-2,-1
upleftdnleftdnrightquadrant	8,(0,-200),0;4,(0,-200),(0,800),-2,-1
upleftdnrightquadrant	8,(300,-200),0;4,(300,-200),(300,800),-2,-1
upleftuprightdnleftquadrant	8,(0,-200),0;4,(0,-200),(0,800),-2,-1
upleftuprightdnrightquadrant	8,(600,-200),0;4,(600,-200),(600,800),-2,-1
uprightquadrant	8,(600,300),0;4,(600,300),(600,800),-2,-1
uprightdnleftquadrant	8,(300,-200),0;4,(300,-200),(300,800),-2,-1
uprightdnleftdnrightquadrant	8,(600,-200),0;4,(600,-200),(600,800),-2,-1
